1,-1,410.96,178.91,89.691,218.76,66.342,-1,-1,-1
1,-1,278.62,188.31,75.524,184.2,55.955,-1,-1,-1
1,-1,160.54,250.91,44.668,108.95,47.598,-1,-1,-1
1,-1,55.714,154.29,117.14,285.71,46.478,-1,-1,-1
1,-1,190,200,63.077,153.85,43.367,-1,-1,-1
1,-1,165.33,201.98,48.643,118.64,36.909,-1,-1,-1
1,-1,147.5,270,41,100,14.028,-1,-1,-1
2,-1,271.26,195.69,75.524,184.2,67.293,-1,-1,-1
2,-1,419.73,178.91,89.691,218.76,65.892,-1,-1,-1
2,-1,203.19,206.12,57.981,141.42,64.961,-1,-1,-1
2,-1,154.11,199.44,69.155,168.67,55.025,-1,-1,-1
2,-1,67.143,154.29,117.14,285.71,44.947,-1,-1,-1
3,-1,428.49,178.91,89.691,218.76,76.666,-1,-1,-1
3,-1,263.91,195.69,75.524,184.2,71.225,-1,-1,-1
3,-1,208.85,206.12,57.981,141.42,55.78,-1,-1,-1
3,-1,160.84,199.44,69.155,168.67,53.595,-1,-1,-1
3,-1,78.571,154.29,117.14,285.71,45.091,-1,-1,-1
4,-1,256.55,195.69,75.524,184.2,83.224,-1,-1,-1
4,-1,437.26,178.91,89.691,218.76,74.622,-1,-1,-1
4,-1,138.85,180.92,75.524,184.2,49.001,-1,-1,-1
4,-1,216.13,214.19,52.903,129.03,35.35,-1,-1,-1
4,-1,146.21,254.77,75.524,184.2,28.143,-1,-1,-1
4,-1,177.69,200,63.077,153.85,25.371,-1,-1,-1
4,-1,492.44,292.28,48.643,118.64,17.97,-1,-1,-1
4,-1,86.575,170.18,89.691,218.76,17.677,-1,-1,-1
4,-1,66.923,286.15,63.077,153.85,10.689,-1,-1,-1
5,-1,446.03,187.64,89.691,218.76,76.549,-1,-1,-1
5,-1,247,188,82,200,67.549,-1,-1,-1
5,-1,171.54,200,63.077,153.85,58.666,-1,-1,-1
5,-1,216.13,214.19,52.903,129.03,40.498,-1,-1,-1
5,-1,140.63,185.92,69.155,168.67,28.257,-1,-1,-1
5,-1,94.713,195.69,75.524,184.2,27.093,-1,-1,-1
5,-1,153.56,254.77,75.524,184.2,13.499,-1,-1,-1
5,-1,59.789,267.04,69.155,168.67,8.1533,-1,-1,-1
6,-1,447.76,177.6,98.115,239.31,82.981,-1,-1,-1
6,-1,249.2,195.69,75.524,184.2,65.991,-1,-1,-1
6,-1,177.69,200,63.077,153.85,55.986,-1,-1,-1
6,-1,220.18,206.12,57.981,141.42,51.467,-1,-1,-1
6,-1,153.08,206.15,63.077,153.85,28.52,-1,-1,-1
6,-1,95,188,82,200,18.845,-1,-1,-1
6,-1,160.92,254.77,75.524,184.2,16.784,-1,-1,-1
7,-1,223,188,82,200,75.689,-1,-1,-1
7,-1,457.31,177.6,98.115,239.31,70.581,-1,-1,-1
7,-1,183.85,200,63.077,153.85,54.43,-1,-1,-1
7,-1,113.43,158.4,98.115,239.31,20.871,-1,-1,-1
7,-1,256.55,180.92,75.524,184.2,20,-1,-1,-1
7,-1,168.28,254.77,75.524,184.2,12.03,-1,-1,-1
8,-1,234.48,188.31,75.524,184.2,104.06,-1,-1,-1
8,-1,457.31,177.6,98.115,239.31,98.808,-1,-1,-1
8,-1,186.19,206.12,57.981,141.42,52.296,-1,-1,-1
8,-1,122.99,158.4,98.115,239.31,19.098,-1,-1,-1
9,-1,466.87,177.6,98.115,239.31,114.76,-1,-1,-1
9,-1,223,188,82,200,101.22,-1,-1,-1
9,-1,145.57,172.17,107.29,261.69,37.969,-1,-1,-1
10,-1,223,188,82,200,117.39,-1,-1,-1
10,-1,476.42,177.6,98.115,239.31,104.77,-1,-1,-1
10,-1,151.64,196.8,98.115,239.31,44.54,-1,-1,-1
11,-1,485.97,168,98.115,239.31,121.79,-1,-1,-1
11,-1,223,180,82,200,101.68,-1,-1,-1
11,-1,156.07,182.61,107.29,261.69,49.559,-1,-1,-1
12,-1,485.97,177.6,98.115,239.31,130.93,-1,-1,-1
12,-1,218.08,178.91,89.691,218.76,73.095,-1,-1,-1
12,-1,146.15,141.54,126.15,307.69,52.219,-1,-1,-1
13,-1,495.52,168,98.115,239.31,119.64,-1,-1,-1
13,-1,156.07,182.61,107.29,261.69,45.904,-1,-1,-1
13,-1,251.54,224.62,63.077,153.85,42.077,-1,-1,-1
13,-1,200.55,161.45,89.691,218.76,19.577,-1,-1,-1
14,-1,505.07,177.6,98.115,239.31,105.45,-1,-1,-1
14,-1,166.56,182.61,107.29,261.69,48.272,-1,-1,-1
14,-1,271.15,206.12,57.981,141.42,13.182,-1,-1,-1
14,-1,245.38,230.77,63.077,153.85,8.291,-1,-1,-1
14,-1,477.24,225.23,75.524,184.2,0.6669,-1,-1,-1
15,-1,505.07,177.6,98.115,239.31,90.427,-1,-1,-1
15,-1,166.56,182.61,107.29,261.69,61.445,-1,-1,-1
15,-1,272.9,209.03,52.903,129.03,29.052,-1,-1,-1
16,-1,514.63,177.6,98.115,239.31,89.465,-1,-1,-1
16,-1,166.56,182.61,107.29,261.69,61.888,-1,-1,-1
16,-1,276.81,206.12,57.981,141.42,30.645,-1,-1,-1
17,-1,177.05,182.61,107.29,261.69,63.404,-1,-1,-1
17,-1,524.18,177.6,98.115,239.31,61.89,-1,-1,-1
17,-1,282.48,200.47,57.981,141.42,42.111,-1,-1,-1
18,-1,288.14,206.12,57.981,141.42,60.854,-1,-1,-1
18,-1,533.73,177.6,98.115,239.31,50.722,-1,-1,-1
18,-1,170.75,196.8,98.115,239.31,49.52,-1,-1,-1
19,-1,288.46,200,63.077,153.85,83.324,-1,-1,-1
19,-1,151,188,82,200,49.02,-1,-1,-1
19,-1,543.28,177.6,98.115,239.31,48.163,-1,-1,-1
19,-1,174.32,267.04,69.155,168.67,32.554,-1,-1,-1
19,-1,207,180,82,200,27.425,-1,-1,-1
20,-1,151,188,82,200,71.64,-1,-1,-1
20,-1,293.81,206.12,57.981,141.42,63.49,-1,-1,-1
20,-1,209.32,187.64,89.691,218.76,35.72,-1,-1,-1
20,-1,559,172,82,200,22.385,-1,-1,-1
20,-1,190,286.15,63.077,153.85,15.411,-1,-1,-1
21,-1,143,180,82,200,69.797,-1,-1,-1
21,-1,303.87,214.19,52.903,129.03,65.681,-1,-1,-1
21,-1,218.08,178.91,89.691,218.76,30.73,-1,-1,-1
21,-1,282.11,280.56,69.155,168.67,20.056,-1,-1,-1
21,-1,182.99,254.77,75.524,184.2,13.123,-1,-1,-1
21,-1,565.52,180.92,75.524,184.2,9.849,-1,-1,-1
22,-1,143,188,82,200,84.163,-1,-1,-1
22,-1,312.3,216.24,48.643,118.64,48.482,-1,-1,-1
22,-1,295.58,280.56,69.155,168.67,37.474,-1,-1,-1
22,-1,226.85,187.64,89.691,218.76,15.426,-1,-1,-1
22,-1,270,292.31,63.077,153.85,8.3837,-1,-1,-1
23,-1,135,180,82,200,94.583,-1,-1,-1
23,-1,261.43,165.71,117.14,285.71,53.762,-1,-1,-1
23,-1,212.41,180.92,75.524,184.2,35.309,-1,-1,-1
24,-1,127,180,82,200,79.448,-1,-1,-1
24,-1,261.43,165.71,117.14,285.71,62.681,-1,-1,-1
24,-1,219.77,180.92,75.524,184.2,60.939,-1,-1,-1
25,-1,227.13,180.92,75.524,184.2,73.279,-1,-1,-1
25,-1,272.86,165.71,117.14,285.71,65.367,-1,-1,-1
25,-1,131.49,188.31,75.524,184.2,65.353,-1,-1,-1
25,-1,-0.54422,176.73,44.668,108.95,10.381,-1,-1,-1
26,-1,127.16,199.44,69.155,168.67,59.054,-1,-1,-1
26,-1,227.13,180.92,75.524,184.2,53.181,-1,-1,-1
26,-1,256.92,153.85,126.15,307.69,50.672,-1,-1,-1
26,-1,3.8095,176.73,44.668,108.95,13.367,-1,-1,-1
27,-1,227.13,180.92,75.524,184.2,55.049,-1,-1,-1
27,-1,272.86,165.71,117.14,285.71,50.433,-1,-1,-1
27,-1,124.14,188.31,75.524,184.2,33.372,-1,-1,-1
27,-1,-0.84211,179.15,69.155,168.67,18.375,-1,-1,-1
28,-1,272.86,165.71,117.14,285.71,53.104,-1,-1,-1
28,-1,241.84,195.69,75.524,184.2,52.93,-1,-1,-1
28,-1,109.43,180.92,75.524,184.2,46.103,-1,-1,-1
28,-1,-0.76923,261.54,63.077,153.85,30.662,-1,-1,-1
28,-1,12.517,172.36,44.668,108.95,27.051,-1,-1,-1
28,-1,73.263,212.96,69.155,168.67,6.9645,-1,-1,-1
29,-1,284.29,165.71,117.14,285.71,59.01,-1,-1,-1
29,-1,106.95,192.68,69.155,168.67,46.989,-1,-1,-1
29,-1,255.16,206.2,69.155,168.67,45.869,-1,-1,-1
29,-1,227.13,180.92,75.524,184.2,38.669,-1,-1,-1
29,-1,-0.59259,292.28,48.643,118.64,34.009,-1,-1,-1
29,-1,16.871,172.36,44.668,108.95,13.165,-1,-1,-1
29,-1,20,265.81,52.903,129.03,11.827,-1,-1,-1
29,-1,89.481,268.51,48.643,118.64,1.8592,-1,-1,-1
30,-1,295.71,165.71,117.14,285.71,77.143,-1,-1,-1
30,-1,-1.194,168,98.115,239.31,72.195,-1,-1,-1
30,-1,234.48,180.92,75.524,184.2,37.917,-1,-1,-1
30,-1,79,180,82,200,35.733,-1,-1,-1
30,-1,268.63,206.2,69.155,168.67,14.222,-1,-1,-1
31,-1,-1.194,168,98.115,239.31,85.229,-1,-1,-1
31,-1,307.14,165.71,117.14,285.71,62.099,-1,-1,-1
31,-1,79,188,82,200,54.768,-1,-1,-1
31,-1,248.42,199.44,69.155,168.67,34.725,-1,-1,-1
31,-1,47,188,82,200,19.803,-1,-1,-1
31,-1,291.5,274,41,100,10.855,-1,-1,-1
32,-1,8.3582,168,98.115,239.31,77.01,-1,-1,-1
32,-1,60.274,178.91,89.691,218.76,74.247,-1,-1,-1
32,-1,268.63,199.44,69.155,168.67,55.22,-1,-1,-1
32,-1,306.15,153.85,126.15,307.69,54.636,-1,-1,-1
32,-1,241.68,192.68,69.155,168.67,12.895,-1,-1,-1
33,-1,46.567,168,98.115,239.31,82.082,-1,-1,-1
33,-1,261.89,199.44,69.155,168.67,69.955,-1,-1,-1
33,-1,332.05,178.91,89.691,218.76,52.69,-1,-1,-1
33,-1,-1,212,82,200,34.191,-1,-1,-1
33,-1,298.71,234.84,52.903,129.03,3.7797,-1,-1,-1
34,-1,268.63,199.44,69.155,168.67,65.698,-1,-1,-1
34,-1,46.567,168,98.115,239.31,52.34,-1,-1,-1
34,-1,340.82,187.64,89.691,218.76,44.439,-1,-1,-1
34,-1,15,188,82,200,26.771,-1,-1,-1
35,-1,275.37,199.44,69.155,168.67,58.388,-1,-1,-1
35,-1,27.463,177.6,98.115,239.31,42.801,-1,-1,-1
35,-1,343.08,153.85,126.15,307.69,26.368,-1,-1,-1
36,-1,282.11,199.44,69.155,168.67,74.083,-1,-1,-1
36,-1,37.015,177.6,98.115,239.31,64.155,-1,-1,-1
36,-1,355.38,153.85,126.15,307.69,32.087,-1,-1,-1
37,-1,282.11,199.44,69.155,168.67,95.03,-1,-1,-1
37,-1,46.567,177.6,98.115,239.31,45.634,-1,-1,-1
37,-1,367.69,153.85,126.15,307.69,42.747,-1,-1,-1
38,-1,278.62,188.31,75.524,184.2,107.9,-1,-1,-1
38,-1,56.119,177.6,98.115,239.31,60.275,-1,-1,-1
38,-1,422.58,322.58,52.903,129.03,40.54,-1,-1,-1
38,-1,383,188,82,200,33.154,-1,-1,-1
38,-1,17.91,168,98.115,239.31,15.854,-1,-1,-1
39,-1,285.98,188.31,75.524,184.2,94.219,-1,-1,-1
39,-1,56.119,177.6,98.115,239.31,53.239,-1,-1,-1
39,-1,418.41,302.12,57.981,141.42,35.904,-1,-1,-1
39,-1,39.5,282,41,100,17.778,-1,-1,-1
39,-1,30,181.54,63.077,153.85,15.968,-1,-1,-1
39,-1,399,172,82,200,12.204,-1,-1,-1
40,-1,285.98,188.31,75.524,184.2,75.692,-1,-1,-1
40,-1,65.672,177.6,98.115,239.31,59.524,-1,-1,-1
40,-1,15,180,82,200,33.09,-1,-1,-1
40,-1,423.85,298.46,63.077,153.85,24.498,-1,-1,-1
40,-1,399,180,82,200,17.347,-1,-1,-1
41,-1,293.33,188.31,75.524,184.2,77.997,-1,-1,-1
41,-1,75.224,168,98.115,239.31,76.722,-1,-1,-1
41,-1,23,188,82,200,51.257,-1,-1,-1
41,-1,392.31,153.85,126.15,307.69,40.224,-1,-1,-1
42,-1,302.32,206.2,69.155,168.67,79.57,-1,-1,-1
42,-1,84.776,168,98.115,239.31,77.182,-1,-1,-1
42,-1,7,188,82,200,55.57,-1,-1,-1
42,-1,398.57,177.14,117.14,285.71,28.512,-1,-1,-1
42,-1,329.26,206.2,69.155,168.67,12.123,-1,-1,-1
43,-1,309.05,199.44,69.155,168.67,82.249,-1,-1,-1
43,-1,87,212,82,200,56.54,-1,-1,-1
43,-1,6.4368,188.31,75.524,184.2,49.759,-1,-1,-1
43,-1,419.73,187.64,89.691,218.76,39.349,-1,-1,-1
43,-1,113.68,172.39,69.155,168.67,19.494,-1,-1,-1
43,-1,446.03,161.45,89.691,218.76,7.5976,-1,-1,-1
44,-1,93.115,161.74,107.29,261.69,84.817,-1,-1,-1
44,-1,309.05,199.44,69.155,168.67,84.313,-1,-1,-1
44,-1,407.87,193.04,107.29,261.69,72.279,-1,-1,-1
44,-1,-1,188,82,200,48.69,-1,-1,-1
44,-1,351.5,274,41,100,22.807,-1,-1,-1
44,-1,466.92,169.23,63.077,153.85,6.475,-1,-1,-1
45,-1,103.88,177.6,98.115,239.31,93.4,-1,-1,-1
45,-1,315.79,199.44,69.155,168.67,82.063,-1,-1,-1
45,-1,418.36,193.04,107.29,261.69,61.333,-1,-1,-1
45,-1,-0.76923,187.69,63.077,153.85,24.72,-1,-1,-1
45,-1,455.71,165.71,117.14,285.71,12.754,-1,-1,-1
46,-1,113.43,177.6,98.115,239.31,85.01,-1,-1,-1
46,-1,315.4,188.31,75.524,184.2,84.523,-1,-1,-1
46,-1,429.23,153.85,126.15,307.69,54.462,-1,-1,-1
47,-1,322.53,199.44,69.155,168.67,91.334,-1,-1,-1
47,-1,121.64,187.64,89.691,218.76,69.31,-1,-1,-1
47,-1,454.79,178.91,89.691,218.76,45.751,-1,-1,-1
47,-1,423.58,280.56,69.155,168.67,32.139,-1,-1,-1
48,-1,322.76,188.31,75.524,184.2,77.903,-1,-1,-1
48,-1,130.41,187.64,89.691,218.76,60.783,-1,-1,-1
48,-1,463.56,187.64,89.691,218.76,37.009,-1,-1,-1
48,-1,430.32,280.56,69.155,168.67,16.858,-1,-1,-1
48,-1,107.74,281.29,52.903,129.03,0.42268,-1,-1,-1
49,-1,142.09,177.6,98.115,239.31,91.767,-1,-1,-1
49,-1,329.26,199.44,69.155,168.67,89.92,-1,-1,-1
49,-1,466.15,153.85,126.15,307.69,48.582,-1,-1,-1
50,-1,151.64,177.6,98.115,239.31,92.964,-1,-1,-1
50,-1,342.74,199.44,69.155,168.67,73.527,-1,-1,-1
50,-1,478.46,153.85,126.15,307.69,49.438,-1,-1,-1
50,-1,453.55,219.35,52.903,129.03,23.638,-1,-1,-1
51,-1,342.74,199.44,69.155,168.67,90.41,-1,-1,-1
51,-1,161.19,177.6,98.115,239.31,77.951,-1,-1,-1
51,-1,460.77,200,63.077,153.85,36.05,-1,-1,-1
51,-1,503,196,82,200,27.977,-1,-1,-1
52,-1,349.47,199.44,69.155,168.67,99.907,-1,-1,-1
52,-1,170.75,177.6,98.115,239.31,81.791,-1,-1,-1
52,-1,463.87,219.35,52.903,129.03,42.214,-1,-1,-1
52,-1,503.08,153.85,126.15,307.69,35.001,-1,-1,-1
52,-1,143.5,202,41,100,5.2703,-1,-1,-1
53,-1,349.47,199.44,69.155,168.67,104.06,-1,-1,-1
53,-1,170.75,177.6,98.115,239.31,79.351,-1,-1,-1
53,-1,469.38,206.12,57.981,141.42,71.994,-1,-1,-1
53,-1,491.8,193.04,107.29,261.69,36.76,-1,-1,-1
54,-1,356.21,206.2,69.155,168.67,84.563,-1,-1,-1
54,-1,170.75,177.6,98.115,239.31,74.336,-1,-1,-1
54,-1,473.08,200,63.077,153.85,64.504,-1,-1,-1
54,-1,551.61,327.74,52.903,129.03,26.482,-1,-1,-1
54,-1,524.93,178.91,89.691,218.76,18.701,-1,-1,-1
55,-1,197.7,232.62,75.524,184.2,105.51,-1,-1,-1
55,-1,362.95,199.44,69.155,168.67,82.821,-1,-1,-1
55,-1,480.71,211.76,57.981,141.42,41.717,-1,-1,-1
55,-1,502.3,193.04,107.29,261.69,18.296,-1,-1,-1
56,-1,199,220,82,200,116.87,-1,-1,-1
56,-1,362.95,199.44,69.155,168.67,95.121,-1,-1,-1
56,-1,515.38,153.85,126.15,307.69,44.634,-1,-1,-1
56,-1,486.37,211.76,57.981,141.42,42.372,-1,-1,-1
56,-1,369.68,246.76,69.155,168.67,1.781,-1,-1,-1
57,-1,208.96,177.6,98.115,239.31,97.461,-1,-1,-1
57,-1,369.68,199.44,69.155,168.67,80.294,-1,-1,-1
57,-1,515.38,153.85,126.15,307.69,46.158,-1,-1,-1
57,-1,485.38,200,63.077,153.85,33.293,-1,-1,-1
58,-1,369.68,199.44,69.155,168.67,85.64,-1,-1,-1
58,-1,208.96,168,98.115,239.31,71.129,-1,-1,-1
58,-1,515.38,153.85,126.15,307.69,32.092,-1,-1,-1
58,-1,491.54,206.15,63.077,153.85,26.853,-1,-1,-1
58,-1,218.51,235.2,98.115,239.31,13.924,-1,-1,-1
58,-1,419.5,194,41,100,5.3111,-1,-1,-1
59,-1,376.42,199.44,69.155,168.67,95.634,-1,-1,-1
59,-1,503.85,200,63.077,153.85,56.857,-1,-1,-1
59,-1,235.62,178.91,89.691,218.76,48.442,-1,-1,-1
59,-1,349.47,199.44,69.155,168.67,22.313,-1,-1,-1
59,-1,209.32,205.09,89.691,218.76,13.642,-1,-1,-1
60,-1,376.42,199.44,69.155,168.67,89.106,-1,-1,-1
60,-1,510,200,63.077,153.85,52.218,-1,-1,-1
60,-1,247.16,177.6,98.115,239.31,30.644,-1,-1,-1
60,-1,403.37,206.2,69.155,168.67,25.569,-1,-1,-1
60,-1,215,220,82,200,5.5627,-1,-1,-1
61,-1,369.68,199.44,69.155,168.67,94.069,-1,-1,-1
61,-1,396.63,206.2,69.155,168.67,65.471,-1,-1,-1
61,-1,253.15,187.64,89.691,218.76,64.264,-1,-1,-1
61,-1,514.69,206.12,57.981,141.42,53.74,-1,-1,-1
61,-1,527,260,82,200,4.1483,-1,-1,-1
62,-1,376.42,199.44,69.155,168.67,94.904,-1,-1,-1
62,-1,520.35,206.12,57.981,141.42,68.425,-1,-1,-1
62,-1,266.27,187.2,98.115,239.31,66.635,-1,-1,-1
62,-1,403.37,206.2,69.155,168.67,46.475,-1,-1,-1
63,-1,374.25,195.69,75.524,184.2,85.594,-1,-1,-1
63,-1,285.37,187.2,98.115,239.31,62.683,-1,-1,-1
63,-1,526.02,206.12,57.981,141.42,46.162,-1,-1,-1
63,-1,411.54,212.31,63.077,153.85,39.313,-1,-1,-1
64,-1,403.37,206.2,69.155,168.67,94.795,-1,-1,-1
64,-1,285.37,187.2,98.115,239.31,94.597,-1,-1,-1
64,-1,528.46,200,63.077,153.85,70.03,-1,-1,-1
64,-1,376.42,199.44,69.155,168.67,53.426,-1,-1,-1
65,-1,403.37,206.2,69.155,168.67,83.15,-1,-1,-1
65,-1,294.93,187.2,98.115,239.31,79.417,-1,-1,-1
65,-1,537.35,206.12,57.981,141.42,74.215,-1,-1,-1
65,-1,380.77,206.15,63.077,153.85,28.223,-1,-1,-1
66,-1,294.93,187.2,98.115,239.31,105.79,-1,-1,-1
66,-1,410.11,206.2,69.155,168.67,82.608,-1,-1,-1
66,-1,540.77,200,63.077,153.85,64.702,-1,-1,-1
66,-1,383.16,199.44,69.155,168.67,52.315,-1,-1,-1
67,-1,304.48,187.2,98.115,239.31,85.612,-1,-1,-1
67,-1,423.85,212.31,63.077,153.85,70.427,-1,-1,-1
67,-1,389.89,199.44,69.155,168.67,53.915,-1,-1,-1
67,-1,540.77,200,63.077,153.85,52.7,-1,-1,-1
68,-1,302.95,172.17,107.29,261.69,99.579,-1,-1,-1
68,-1,417.69,218.46,63.077,153.85,61.809,-1,-1,-1
68,-1,551.61,214.19,52.903,129.03,47.462,-1,-1,-1
68,-1,459.5,278,41,100,16.164,-1,-1,-1
68,-1,399.23,200,63.077,153.85,2.9607,-1,-1,-1
69,-1,314.03,187.2,98.115,239.31,105.5,-1,-1,-1
69,-1,430.32,206.2,69.155,168.67,61.744,-1,-1,-1
69,-1,403.37,199.44,69.155,168.67,44.88,-1,-1,-1
69,-1,561.94,214.19,52.903,129.03,38.676,-1,-1,-1
70,-1,323.58,177.6,98.115,239.31,92.965,-1,-1,-1
70,-1,437.05,206.2,69.155,168.67,50.478,-1,-1,-1
70,-1,410.11,199.44,69.155,168.67,39.471,-1,-1,-1
70,-1,571.5,218,41,100,36.757,-1,-1,-1
70,-1,386.92,273.85,63.077,153.85,18.172,-1,-1,-1
71,-1,333.13,177.6,98.115,239.31,67.941,-1,-1,-1
71,-1,572.26,219.35,52.903,129.03,48.613,-1,-1,-1
71,-1,437.05,206.2,69.155,168.67,45.642,-1,-1,-1
71,-1,303,228,82,200,17.213,-1,-1,-1
71,-1,410.11,192.68,69.155,168.67,15.808,-1,-1,-1
