1,-1,678.73,291.21,50.405,100.81,0.95258,-1,-1,-1
2,-1,674.74,288.38,50.996,101.99,0.89238,-1,-1,-1
2,-1,431.24,138.42,31.944,63.888,0.49992,-1,-1,-1
3,-1,662.43,285.54,49.433,98.866,0.95614,-1,-1,-1
4,-1,660.62,283.85,50.032,100.07,0.86514,-1,-1,-1
4,-1,431.1,138.8,31.351,62.702,0.50003,-1,-1,-1
5,-1,653.23,277.87,49.641,99.283,0.90021,-1,-1,-1
5,-1,431.24,138.42,31.944,63.888,0.50012,-1,-1,-1
6,-1,645.95,277.46,49.302,98.604,0.88016,-1,-1,-1
6,-1,725.9,351.34,27.835,55.669,0.25272,-1,-1,-1
6,-1,431.24,138.42,31.944,63.888,0.50008,-1,-1,-1
7,-1,698.62,284.01,55.963,111.93,0.9139,-1,-1,-1
7,-1,637.2,274.98,49.252,98.505,0.8706,-1,-1,-1
7,-1,431.24,138.42,31.944,63.888,0.49996,-1,-1,-1
8,-1,635,272.87,46.676,93.351,0.90749,-1,-1,-1
8,-1,689.98,284.13,55.916,111.83,0.74461,-1,-1,-1
8,-1,431.17,138.6,31.665,63.331,0.50024,-1,-1,-1
9,-1,686.77,280.63,57.572,115.15,0.93176,-1,-1,-1
9,-1,628.9,270.03,48.516,97.032,0.91565,-1,-1,-1
9,-1,431.24,138.42,31.944,63.888,0.49993,-1,-1,-1
10,-1,623.92,269.37,48.288,96.574,0.9111,-1,-1,-1
10,-1,679.67,281.77,55.9,111.8,0.75596,-1,-1,-1
10,-1,431.24,138.42,31.944,63.888,0.49991,-1,-1,-1
11,-1,616.96,265.44,49.733,99.464,0.87054,-1,-1,-1
11,-1,665.63,271.23,60.392,120.78,0.53114,-1,-1,-1
11,-1,431.24,138.42,31.944,63.888,0.49991,-1,-1,-1
12,-1,615.79,265.03,46.768,93.536,0.66693,-1,-1,-1
12,-1,660.17,273.5,56.631,113.26,0.52759,-1,-1,-1
12,-1,431.24,138.42,31.944,63.888,0.49993,-1,-1,-1
13,-1,610.92,258.22,49.225,98.449,0.80834,-1,-1,-1
13,-1,652.94,271.08,59.665,119.33,0.67184,-1,-1,-1
13,-1,716.23,345.6,35.51,71.021,0.34927,-1,-1,-1
13,-1,431.24,138.42,31.944,63.888,0.49996,-1,-1,-1
13,-1,587.13,97.855,146.78,293.56,2.6113e-05,-1,-1,-1
14,-1,608.47,259.12,45.225,90.449,0.90235,-1,-1,-1
14,-1,641.88,267.41,56.758,113.52,0.77486,-1,-1,-1
14,-1,630.34,289.5,43.296,86.593,0.47301,-1,-1,-1
14,-1,708.96,327.36,44.613,89.226,0.45441,-1,-1,-1
14,-1,587.13,97.854,146.78,293.56,2.6117e-05,-1,-1,-1
14,-1,431.24,138.42,31.944,63.888,0.49998,-1,-1,-1
14,-1,654.23,329.04,28.229,56.458,0.27496,-1,-1,-1
15,-1,632.82,264.38,57.237,114.47,0.87993,-1,-1,-1
15,-1,600.5,256.72,46.683,93.367,0.85476,-1,-1,-1
15,-1,700.03,304.59,54.589,109.18,0.64777,-1,-1,-1
15,-1,431.24,138.42,31.944,63.888,0.50026,-1,-1,-1
15,-1,587.13,97.857,146.78,293.56,2.6124e-05,-1,-1,-1
15,-1,653.17,243.04,91.14,182.28,0.1436,-1,-1,-1
16,-1,627.89,262.59,58.916,117.83,0.87686,-1,-1,-1
16,-1,698.03,302.18,56.404,112.81,0.88099,-1,-1,-1
16,-1,601.25,253.61,44.614,89.227,0.76271,-1,-1,-1
16,-1,431.21,138.51,31.813,63.627,0.50061,-1,-1,-1
17,-1,593.2,250.65,45.821,91.641,0.97125,-1,-1,-1
17,-1,614.3,259.2,59.12,118.24,0.83756,-1,-1,-1
17,-1,686.45,293.74,57.269,114.54,0.8971,-1,-1,-1
17,-1,431.24,138.42,31.944,63.888,0.49995,-1,-1,-1
18,-1,680.49,294.45,55.661,111.32,0.96277,-1,-1,-1
18,-1,613.71,258.5,57.322,114.64,0.86962,-1,-1,-1
18,-1,590.54,248.71,47.136,94.271,0.61724,-1,-1,-1
19,-1,677.95,293.81,55.852,111.7,0.84656,-1,-1,-1
19,-1,610.08,258.1,56.134,112.27,0.79835,-1,-1,-1
19,-1,586.86,246.13,44.17,88.34,0.79937,-1,-1,-1
20,-1,579.88,240.93,43.845,87.692,0.90758,-1,-1,-1
20,-1,668.19,288.47,55.569,111.14,0.90174,-1,-1,-1
20,-1,602.65,251.78,59.061,118.12,0.69254,-1,-1,-1
20,-1,730.4,400.4,26.4,52.8,0.20871,-1,-1,-1
20,-1,431.24,138.42,31.944,63.888,0.49993,-1,-1,-1
21,-1,661.97,284.15,56.412,112.83,0.8563,-1,-1,-1
21,-1,578.66,241.04,44.169,88.338,0.75388,-1,-1,-1
21,-1,596.65,248.03,55.124,110.25,0.66829,-1,-1,-1
21,-1,431.24,138.42,31.944,63.888,0.49999,-1,-1,-1
22,-1,595.76,245.68,55.784,111.57,0.89077,-1,-1,-1
22,-1,573.17,240.36,43.131,86.261,0.94192,-1,-1,-1
22,-1,658.63,284.12,56.183,112.37,0.93175,-1,-1,-1
22,-1,584,287.06,24,48,0.25347,-1,-1,-1
22,-1,730.84,399.77,29.04,58.08,0.23752,-1,-1,-1
22,-1,431.24,138.42,31.944,63.888,0.49992,-1,-1,-1
23,-1,593.39,243.6,57.883,115.77,0.82072,-1,-1,-1
23,-1,652.06,284.02,55.783,111.57,0.87215,-1,-1,-1
23,-1,568.07,234.33,44.45,88.901,0.75465,-1,-1,-1
23,-1,723.17,399.49,25.331,50.663,0.20932,-1,-1,-1
23,-1,431.24,138.42,31.944,63.888,0.49992,-1,-1,-1
23,-1,712,392,24,48,0.18767,-1,-1,-1
24,-1,560.4,232.77,43.516,87.032,0.95487,-1,-1,-1
24,-1,649.41,278.2,55.538,111.07,0.79341,-1,-1,-1
24,-1,697.02,325,55.63,111.26,0.77669,-1,-1,-1
24,-1,591.61,248.26,51.536,103.07,0.67221,-1,-1,-1
24,-1,708.05,386.46,27.045,54.091,0.22492,-1,-1,-1
24,-1,431.24,138.42,31.944,63.888,0.49998,-1,-1,-1
25,-1,559.27,232.72,41.878,83.755,0.88915,-1,-1,-1
25,-1,589.48,239.37,53.081,106.16,0.85275,-1,-1,-1
25,-1,642.22,277.25,54.693,109.39,0.86281,-1,-1,-1
25,-1,686.74,320.1,59.266,118.53,0.76252,-1,-1,-1
25,-1,431.24,138.42,31.944,63.888,0.49991,-1,-1,-1
26,-1,587.81,237.62,54.305,108.61,0.81369,-1,-1,-1
26,-1,640.03,273.05,56.613,113.23,0.82123,-1,-1,-1
26,-1,553.23,227.92,43.843,87.686,0.77418,-1,-1,-1
26,-1,685.91,319.17,60.488,120.98,0.72975,-1,-1,-1
26,-1,699.43,389.34,25.473,50.944,0.20475,-1,-1,-1
26,-1,431.24,138.42,31.944,63.888,0.49991,-1,-1,-1
27,-1,633.29,271.42,53.359,106.72,0.95077,-1,-1,-1
27,-1,546.49,223.94,43.599,87.199,0.90506,-1,-1,-1
27,-1,674.33,311.3,62.238,124.48,0.72604,-1,-1,-1
27,-1,584.85,235.8,56.508,113.02,0.58418,-1,-1,-1
27,-1,697.44,372.68,31.944,63.888,0.28786,-1,-1,-1
28,-1,546.16,222.11,42.394,84.788,0.91142,-1,-1,-1
28,-1,667.33,310.49,59.049,118.1,0.70472,-1,-1,-1
28,-1,624.43,268.28,55.078,110.16,0.64928,-1,-1,-1
28,-1,584.69,227.01,56.588,113.18,0.50432,-1,-1,-1
28,-1,431.24,138.42,31.944,63.888,0.49998,-1,-1,-1
28,-1,630.39,212.04,104.95,209.9,0.042695,-1,-1,-1
29,-1,624.08,264.95,54.071,108.14,0.81193,-1,-1,-1
29,-1,540.51,221.96,40.495,80.99,0.75038,-1,-1,-1
29,-1,660.37,308.71,57.99,115.98,0.68591,-1,-1,-1
29,-1,583.39,229.23,50.438,100.88,0.6326,-1,-1,-1
29,-1,672.09,375.34,24.361,48.722,0.23844,-1,-1,-1
29,-1,431.24,138.42,31.944,63.888,0.50004,-1,-1,-1
30,-1,584.49,227.36,48.064,96.129,0.81428,-1,-1,-1
30,-1,539.49,218,41.153,82.305,0.81042,-1,-1,-1
30,-1,655.7,302.23,60.577,121.16,0.69306,-1,-1,-1
30,-1,669.16,369.9,26.45,52.9,0.2708,-1,-1,-1
30,-1,617.21,265.51,51.901,103.8,0.54441,-1,-1,-1
30,-1,637.38,309.24,49.217,98.436,0.49105,-1,-1,-1
30,-1,431.24,138.42,31.944,63.888,0.49992,-1,-1,-1
31,-1,533.16,214.69,41.609,83.218,0.92174,-1,-1,-1
31,-1,614.81,258.35,54.573,109.15,0.83678,-1,-1,-1
31,-1,653.59,300.88,62.196,124.39,0.74759,-1,-1,-1
31,-1,584.1,225.06,48.406,96.813,0.59979,-1,-1,-1
31,-1,431.11,138.75,31.418,62.837,0.5003,-1,-1,-1
31,-1,668,374.45,24,48,0.19657,-1,-1,-1
32,-1,531.11,212.77,42.54,85.081,0.91694,-1,-1,-1
32,-1,610.03,257.13,52.268,104.54,0.82985,-1,-1,-1
32,-1,643.23,290.49,62.198,124.4,0.60127,-1,-1,-1
32,-1,584.27,225.6,47.235,94.472,0.54099,-1,-1,-1
32,-1,431.18,138.59,31.685,63.369,0.50052,-1,-1,-1
32,-1,655.64,358.13,25.1,50.2,0.2177,-1,-1,-1
32,-1,592,272,24,48,0.26586,-1,-1,-1
33,-1,608,257.12,51.98,103.96,0.82999,-1,-1,-1
33,-1,641.45,292.25,56.962,113.92,0.80408,-1,-1,-1
33,-1,526.97,212.38,40.072,80.143,0.80537,-1,-1,-1
33,-1,575.04,215.23,50.41,100.82,0.4994,-1,-1,-1
33,-1,627.87,315.23,24.535,49.071,0.23836,-1,-1,-1
33,-1,656,360,24,48,0.2041,-1,-1,-1
34,-1,522.69,207.25,39.717,79.433,0.97168,-1,-1,-1
34,-1,605.45,249.44,52.436,104.87,0.78938,-1,-1,-1
34,-1,575.53,216.07,49.353,98.707,0.5533,-1,-1,-1
34,-1,640.36,291.75,57.258,114.52,0.49374,-1,-1,-1
34,-1,616.11,303.26,24.446,48.892,0.24619,-1,-1,-1
34,-1,431.24,138.42,31.944,63.888,0.5,-1,-1,-1
34,-1,734.8,365.2,26.4,52.8,0.227,-1,-1,-1
35,-1,520.07,206.49,39.498,78.994,0.97555,-1,-1,-1
35,-1,601.64,248.95,50.825,101.65,0.88552,-1,-1,-1
35,-1,574.59,214.29,51.236,102.47,0.51926,-1,-1,-1
35,-1,632.74,281.5,61.655,123.31,0.47289,-1,-1,-1
35,-1,431.24,138.42,31.944,63.888,0.49997,-1,-1,-1
36,-1,517.41,205.71,40.224,80.447,0.93445,-1,-1,-1
36,-1,600.19,248.65,51.455,102.91,0.77692,-1,-1,-1
36,-1,574.88,209.05,50.646,101.29,0.51082,-1,-1,-1
36,-1,632.79,280.26,61.936,123.87,0.47047,-1,-1,-1
36,-1,647.81,351.33,24.387,48.773,0.21339,-1,-1,-1
36,-1,431.24,138.42,31.944,63.888,0.49998,-1,-1,-1
36,-1,585.2,259.6,26.4,52.8,0.31308,-1,-1,-1
37,-1,509.37,202.13,38.441,76.883,0.91876,-1,-1,-1
37,-1,569.81,206.34,46.593,93.187,0.71064,-1,-1,-1
37,-1,594.88,236.35,56.014,112.03,0.59637,-1,-1,-1
37,-1,632.09,274.08,56.35,112.7,0.5005,-1,-1,-1
37,-1,580,252,24,48,0.285,-1,-1,-1
38,-1,507.62,202.12,37.695,75.389,0.93044,-1,-1,-1
38,-1,568.46,203.15,47.688,95.377,0.87209,-1,-1,-1
38,-1,597.98,239.61,50.974,101.95,0.72254,-1,-1,-1
38,-1,631.97,273.59,56.552,113.1,0.69797,-1,-1,-1
38,-1,584,256,24,48,0.28104,-1,-1,-1
38,-1,648,340,24,48,0.21531,-1,-1,-1
38,-1,608,296,24,48,0.24575,-1,-1,-1
39,-1,503.13,201.75,37.202,74.404,0.91886,-1,-1,-1
39,-1,598.87,241.27,47.465,94.93,0.90089,-1,-1,-1
39,-1,567.26,204.21,44.474,88.948,0.60309,-1,-1,-1
39,-1,631.93,273.52,56.591,113.18,0.5137,-1,-1,-1
39,-1,697.95,292.39,56.59,113.18,0.49514,-1,-1,-1
39,-1,647.7,338.7,24.592,49.184,0.22321,-1,-1,-1
39,-1,431.24,138.42,31.944,63.888,0.49994,-1,-1,-1
40,-1,592.31,234.97,48.342,96.683,0.85304,-1,-1,-1
40,-1,559.43,200.13,48.927,97.855,0.72466,-1,-1,-1
40,-1,498.31,199.78,34.592,69.183,0.51883,-1,-1,-1
40,-1,431.24,138.42,31.944,63.888,0.49994,-1,-1,-1
40,-1,715.71,396.83,42.517,85.035,0.38556,-1,-1,-1
40,-1,622.5,259.37,62.25,124.5,0.43515,-1,-1,-1
41,-1,592.26,233.73,47.924,95.846,0.90682,-1,-1,-1
41,-1,559.41,200.87,43.194,86.389,0.78186,-1,-1,-1
41,-1,623.63,264.53,54.936,109.87,0.53711,-1,-1,-1
41,-1,492.84,198.77,34.494,68.987,0.50356,-1,-1,-1
41,-1,431.24,138.42,31.944,63.888,0.49998,-1,-1,-1
42,-1,553.53,197.41,46.848,93.695,0.90316,-1,-1,-1
42,-1,592.05,233.79,47.014,94.027,0.87489,-1,-1,-1
42,-1,625.31,265,52.413,104.83,0.78509,-1,-1,-1
42,-1,485.38,196.17,36.976,73.952,0.57298,-1,-1,-1
42,-1,701.1,373.96,53.326,106.65,0.48082,-1,-1,-1
42,-1,431.24,138.42,31.944,63.888,0.50016,-1,-1,-1
43,-1,584.55,226.88,47.914,95.828,0.91761,-1,-1,-1
43,-1,549.98,197.16,43.988,87.976,0.79018,-1,-1,-1
43,-1,477.55,196.17,36.875,73.752,0.63218,-1,-1,-1
43,-1,622.68,255.26,56.333,112.67,0.47384,-1,-1,-1
43,-1,694.52,377.27,51.446,102.89,0.46947,-1,-1,-1
43,-1,431.24,138.42,31.944,63.888,0.49993,-1,-1,-1
43,-1,567.6,242,26.4,52.8,0.3326,-1,-1,-1
44,-1,584.47,226.44,47.771,95.543,0.90397,-1,-1,-1
44,-1,545.68,196.31,44.67,89.34,0.83477,-1,-1,-1
44,-1,470.51,194.45,37.615,75.23,0.70467,-1,-1,-1
44,-1,684.86,352.94,62.087,124.17,0.56593,-1,-1,-1
44,-1,622.5,255.01,56.427,112.85,0.47438,-1,-1,-1
44,-1,724.71,376.49,29.606,59.212,0.25751,-1,-1,-1
45,-1,578.06,224.71,47.783,95.566,0.84357,-1,-1,-1
45,-1,465.71,195.6,37.293,74.586,0.71096,-1,-1,-1
45,-1,545.63,195.67,42.596,85.194,0.65244,-1,-1,-1
45,-1,686.14,355.08,60.001,120,0.51145,-1,-1,-1
45,-1,622.32,254.87,55.669,111.34,0.4802,-1,-1,-1
45,-1,726,377.52,29.04,58.08,0.25036,-1,-1,-1
46,-1,576.06,217.58,48.178,96.356,0.9359,-1,-1,-1
46,-1,617.27,248.65,51.571,103.14,0.91735,-1,-1,-1
46,-1,538.14,190.53,44.157,88.315,0.78767,-1,-1,-1
46,-1,452.3,196.7,37.409,74.819,0.72496,-1,-1,-1
46,-1,696.23,382.93,37.215,74.429,0.34644,-1,-1,-1
46,-1,427.11,128.09,74.273,148.55,0.052779,-1,-1,-1
46,-1,722.15,378.81,27.225,54.451,0.22902,-1,-1,-1
46,-1,697.93,320.69,56.606,113.21,0.49992,-1,-1,-1
47,-1,571.39,217.73,47.31,94.62,0.92691,-1,-1,-1
47,-1,617,248.33,51.894,103.79,0.78385,-1,-1,-1
47,-1,443.55,197.32,38.448,76.896,0.7574,-1,-1,-1
47,-1,530.92,189.46,44.351,88.703,0.68234,-1,-1,-1
47,-1,676.43,346.22,61.215,122.43,0.49938,-1,-1,-1
47,-1,632.43,305.08,24,48,0.23834,-1,-1,-1
48,-1,523.36,190.15,43.4,86.801,0.82243,-1,-1,-1
48,-1,568.04,216.84,46.662,93.325,0.7754,-1,-1,-1
48,-1,432.14,194.94,39.076,78.152,0.73267,-1,-1,-1
48,-1,615.51,248.97,47.021,94.043,0.50465,-1,-1,-1
48,-1,667.59,309.69,75.484,150.97,0.38958,-1,-1,-1
49,-1,516.6,187.34,44.013,88.028,0.88109,-1,-1,-1
49,-1,608.8,240.12,51.425,102.85,0.77057,-1,-1,-1
49,-1,562.6,212.63,45.82,91.64,0.73892,-1,-1,-1
49,-1,411.09,136.09,69.038,138.08,0.092707,-1,-1,-1
50,-1,560.08,210.04,47.023,94.046,0.9481,-1,-1,-1
50,-1,511.27,187.71,42.437,84.874,0.83824,-1,-1,-1
50,-1,608,240.07,50.141,100.28,0.77909,-1,-1,-1
50,-1,685.11,333.08,61.534,123.07,0.52624,-1,-1,-1
50,-1,431.24,138.42,31.944,63.888,0.49993,-1,-1,-1
51,-1,554.72,209.76,45.849,91.698,0.93017,-1,-1,-1
51,-1,499.25,185.16,42.525,85.05,0.81492,-1,-1,-1
51,-1,607.9,241.63,46.768,93.537,0.51218,-1,-1,-1
51,-1,651.69,265.79,51.394,102.79,0.50003,-1,-1,-1
51,-1,685.4,333.3,61.307,122.61,0.49582,-1,-1,-1
51,-1,431.24,138.42,31.944,63.888,0.49992,-1,-1,-1
52,-1,552.7,209.1,44.035,88.07,0.89556,-1,-1,-1
52,-1,492.26,180.43,45.805,91.61,0.58222,-1,-1,-1
52,-1,600.19,231.65,51.221,102.44,0.5668,-1,-1,-1
52,-1,686.31,373.53,26.762,53.524,0.22763,-1,-1,-1
52,-1,651.65,265.81,51.446,102.89,0.49859,-1,-1,-1
52,-1,663.09,298.31,67.376,134.75,0.44198,-1,-1,-1
52,-1,431.24,138.42,31.944,63.888,0.49997,-1,-1,-1
52,-1,700,404,24,48,0.1828,-1,-1,-1
52,-1,691.51,357.66,47.394,94.787,0.45468,-1,-1,-1
53,-1,548.2,205.14,44.954,89.907,0.81146,-1,-1,-1
53,-1,487.21,182.17,44.269,88.538,0.76623,-1,-1,-1
53,-1,600.1,232.85,48.585,97.171,0.7009,-1,-1,-1
53,-1,386.51,199.84,38.567,77.133,0.50018,-1,-1,-1
53,-1,646.83,264.74,46.95,93.9,0.49848,-1,-1,-1
53,-1,668.75,300.33,57.757,115.51,0.49445,-1,-1,-1
53,-1,694.41,368.59,42.549,85.098,0.40665,-1,-1,-1
53,-1,402.85,241.95,24.818,49.634,0.31635,-1,-1,-1
53,-1,675.25,362.62,25.224,50.447,0.2162,-1,-1,-1
53,-1,431.24,138.42,31.944,63.888,0.49995,-1,-1,-1
53,-1,383.86,155.76,62.2,124.4,0.19582,-1,-1,-1
54,-1,544.43,202.63,46.131,92.262,0.94909,-1,-1,-1
54,-1,482.17,180.58,45.571,91.143,0.75948,-1,-1,-1
54,-1,600.19,230.39,46.807,93.614,0.73761,-1,-1,-1
54,-1,386.79,200.02,38.536,77.071,0.59016,-1,-1,-1
54,-1,661.95,292.56,58.964,117.93,0.50724,-1,-1,-1
54,-1,694.84,371.87,40.778,81.554,0.38812,-1,-1,-1
54,-1,642.84,256.77,52.106,104.21,0.49432,-1,-1,-1
54,-1,392.38,240.11,35.138,70.277,0.45458,-1,-1,-1
54,-1,343.7,40.437,121.31,242.61,2.6007e-06,-1,-1,-1
54,-1,431.24,138.42,31.944,63.888,0.49992,-1,-1,-1
55,-1,538.58,202.2,43.781,87.561,0.95098,-1,-1,-1
55,-1,375.71,200.94,38.385,76.772,0.88479,-1,-1,-1
55,-1,592.19,225.02,48.47,96.939,0.78382,-1,-1,-1
55,-1,468.53,180.72,45.518,91.037,0.71532,-1,-1,-1
55,-1,658.61,294.86,55.991,111.98,0.6088,-1,-1,-1
55,-1,684.86,321.76,62.082,124.16,0.52805,-1,-1,-1
55,-1,638.4,257.15,47.599,95.197,0.50703,-1,-1,-1
55,-1,675.98,360.62,24.368,48.736,0.20851,-1,-1,-1
55,-1,704.42,395.97,26.172,52.343,0.20893,-1,-1,-1
55,-1,431.24,138.42,31.944,63.888,0.49994,-1,-1,-1
55,-1,604,280,24,48,0.25861,-1,-1,-1
56,-1,687.78,319.71,57.976,115.95,0.93125,-1,-1,-1
56,-1,537.76,203.01,43.259,86.518,0.70916,-1,-1,-1
56,-1,651.85,291.81,58.416,116.83,0.60861,-1,-1,-1
56,-1,592.45,226.17,46.712,93.425,0.59711,-1,-1,-1
56,-1,370.34,199.8,40.637,81.274,0.56043,-1,-1,-1
56,-1,461.35,181.55,44.576,89.151,0.49055,-1,-1,-1
56,-1,671.66,358.85,25.808,51.615,0.22593,-1,-1,-1
57,-1,453.55,179.5,43.514,87.028,0.85782,-1,-1,-1
57,-1,525.04,198.92,42.247,84.495,0.87003,-1,-1,-1
57,-1,648.86,289.13,54.704,109.41,0.82346,-1,-1,-1
57,-1,585.57,220.65,45.652,91.302,0.76389,-1,-1,-1
57,-1,359.63,204.82,38.976,77.953,0.71932,-1,-1,-1
57,-1,688.81,320.29,56.426,112.85,0.54752,-1,-1,-1
57,-1,666.91,349.4,25.602,51.202,0.23059,-1,-1,-1
57,-1,431.19,138.54,31.758,63.516,0.50035,-1,-1,-1
57,-1,716.67,363.99,27.692,55.384,0.24314,-1,-1,-1
58,-1,577.74,219.57,46.418,92.835,0.91387,-1,-1,-1
58,-1,447.88,180.61,42.582,85.166,0.87052,-1,-1,-1
58,-1,523.94,198.15,42.635,85.27,0.86504,-1,-1,-1
58,-1,641.74,283.83,56.591,113.18,0.84188,-1,-1,-1
58,-1,347.57,201.86,40.848,81.697,0.57206,-1,-1,-1
58,-1,627.56,248.73,50.188,100.38,0.49986,-1,-1,-1
58,-1,696.01,355.97,37.819,75.638,0.36785,-1,-1,-1
59,-1,515.5,198.49,39.945,79.889,0.90037,-1,-1,-1
59,-1,576.43,218.18,46.871,93.742,0.80784,-1,-1,-1
59,-1,342.77,206.72,37.976,75.951,0.76416,-1,-1,-1
59,-1,436.16,178.28,41.44,82.88,0.71079,-1,-1,-1
59,-1,641.29,282.92,56.619,113.24,0.67808,-1,-1,-1
59,-1,717.16,340.46,38.757,77.515,0.39195,-1,-1,-1
59,-1,652.63,336.84,30.155,60.309,0.29457,-1,-1,-1
59,-1,623.53,249.3,46.958,93.916,0.50004,-1,-1,-1
60,-1,336.78,207.36,37.515,75.03,0.90368,-1,-1,-1
60,-1,511.54,196,39.973,79.948,0.8461,-1,-1,-1
60,-1,431.15,176.59,43.296,86.592,0.53322,-1,-1,-1
60,-1,570.24,217.68,45.829,91.658,0.55047,-1,-1,-1
60,-1,709.68,323.84,46.464,92.927,0.47382,-1,-1,-1
60,-1,623.2,247.71,43.913,87.827,0.49605,-1,-1,-1
60,-1,632.43,276.22,59.598,119.19,0.47203,-1,-1,-1
61,-1,329.38,206.96,38.089,76.178,0.91477,-1,-1,-1
61,-1,503.87,193.28,40.641,81.282,0.78815,-1,-1,-1
61,-1,568.7,210.1,47.115,94.231,0.67294,-1,-1,-1
61,-1,632.17,274.32,56.312,112.62,0.5417,-1,-1,-1
61,-1,421.89,171.93,46.444,92.887,0.4396,-1,-1,-1
61,-1,712.96,323.9,44.454,88.906,0.45475,-1,-1,-1
61,-1,615.79,241.64,46.769,93.538,0.49992,-1,-1,-1
62,-1,631.6,270.42,54.152,108.3,0.82082,-1,-1,-1
62,-1,561.46,208.63,45.541,91.082,0.77058,-1,-1,-1
62,-1,320.74,208.64,36.679,73.357,0.679,-1,-1,-1
62,-1,495.99,193.21,38.77,77.539,0.63729,-1,-1,-1
62,-1,430.97,138.14,32.193,64.387,0.4999,-1,-1,-1
62,-1,573.78,71.176,156.01,312.01,1.9632e-06,-1,-1,-1
62,-1,732,368,24,48,0.1985,-1,-1,-1
63,-1,314.81,205.95,37.903,75.807,0.81893,-1,-1,-1
63,-1,559.23,209.59,43.76,87.519,0.70916,-1,-1,-1
63,-1,489.2,192.21,40.729,81.458,0.68225,-1,-1,-1
63,-1,624.11,268.5,54.664,109.33,0.5122,-1,-1,-1
63,-1,614.66,240.54,47.4,94.799,0.49975,-1,-1,-1
63,-1,572.25,68.091,157.01,314.01,1.4281e-06,-1,-1,-1
63,-1,431.24,138.42,31.944,63.888,0.49992,-1,-1,-1
64,-1,303.09,207.14,37.844,75.689,0.81085,-1,-1,-1
64,-1,552.79,205.51,42.72,85.44,0.66317,-1,-1,-1
64,-1,475.97,192.45,40.139,80.279,0.5957,-1,-1,-1
64,-1,623.78,264.69,54.499,109,0.5591,-1,-1,-1
64,-1,397.45,171.95,46.414,92.827,0.43657,-1,-1,-1
64,-1,608,233.85,46.769,93.539,0.49922,-1,-1,-1
64,-1,312,248,24,48,0.30196,-1,-1,-1
65,-1,296.65,205.85,38.525,77.051,0.78064,-1,-1,-1
65,-1,545.62,204.61,43.794,87.588,0.61768,-1,-1,-1
65,-1,619.16,262.83,52.599,105.2,0.5639,-1,-1,-1
65,-1,470.24,193.23,38.692,77.383,0.52874,-1,-1,-1
65,-1,389.56,172.71,45.531,91.062,0.44967,-1,-1,-1
65,-1,600.25,233.82,46.82,93.642,0.49969,-1,-1,-1
65,-1,735.55,346.8,24.894,49.787,0.22012,-1,-1,-1
65,-1,431.24,138.42,31.944,63.888,0.49995,-1,-1,-1
66,-1,545.85,205.11,42.018,84.037,0.93107,-1,-1,-1
66,-1,290.7,202.65,39.21,78.42,0.91253,-1,-1,-1
66,-1,463.07,192.63,39.621,79.241,0.80897,-1,-1,-1
66,-1,384.4,174.51,44.111,88.222,0.61716,-1,-1,-1
66,-1,617.07,257.01,52.137,104.27,0.593,-1,-1,-1
66,-1,600.49,233.24,46.201,92.403,0.5019,-1,-1,-1
66,-1,565.11,53.82,161.46,322.92,3.1003e-07,-1,-1,-1
66,-1,736,348,24,48,0.2089,-1,-1,-1
66,-1,431.24,138.42,31.944,63.888,0.49991,-1,-1,-1
67,-1,283.72,200.96,39.098,78.196,0.96257,-1,-1,-1
67,-1,537.97,202.12,42.778,85.555,0.73597,-1,-1,-1
67,-1,449.18,190.2,41.247,82.493,0.6821,-1,-1,-1
67,-1,378.66,173.84,42.904,85.808,0.60614,-1,-1,-1
67,-1,592.56,226.45,46.562,93.123,0.56828,-1,-1,-1
67,-1,617.07,256.06,52.903,105.81,0.49406,-1,-1,-1
67,-1,629.2,312.4,26.4,52.8,0.26466,-1,-1,-1
67,-1,571.83,72.498,146.97,293.93,5.1597e-06,-1,-1,-1
68,-1,278.18,200.22,38.742,77.485,0.93551,-1,-1,-1
68,-1,531.24,198.46,43.754,87.509,0.75758,-1,-1,-1
68,-1,442.05,190.92,41.75,83.5,0.7467,-1,-1,-1
68,-1,370.33,174.26,41.843,83.686,0.57851,-1,-1,-1
68,-1,623.58,257.24,46.777,93.553,0.50859,-1,-1,-1
68,-1,592.52,226.36,46.612,93.223,0.49794,-1,-1,-1
68,-1,574.95,80.627,140.36,280.72,1.6926e-05,-1,-1,-1
69,-1,361.06,171.61,42.796,85.592,0.84729,-1,-1,-1
69,-1,270.2,198.07,39.422,78.845,0.86117,-1,-1,-1
69,-1,431.78,191.55,39.653,79.307,0.83628,-1,-1,-1
69,-1,524.01,197.78,43.276,86.551,0.59879,-1,-1,-1
69,-1,623.96,249.37,49.666,99.331,0.59868,-1,-1,-1
69,-1,586.45,222.98,44.579,89.159,0.51906,-1,-1,-1
69,-1,717.37,304.12,26.912,53.826,0.27549,-1,-1,-1
70,-1,265.45,198.39,38.482,76.963,0.97043,-1,-1,-1
70,-1,358.64,173.29,40.896,81.792,0.85315,-1,-1,-1
70,-1,623.76,249.35,47.935,95.869,0.76954,-1,-1,-1
70,-1,715.44,276.39,42.581,85.163,0.57798,-1,-1,-1
70,-1,580.69,225.93,42.927,85.854,0.51919,-1,-1,-1
70,-1,520.53,197.84,39.815,79.63,0.5099,-1,-1,-1
70,-1,428.15,190.77,40.892,81.784,0.50195,-1,-1,-1
71,-1,263.57,198.17,37.678,75.355,0.87802,-1,-1,-1
71,-1,706.07,261.97,48.91,97.819,0.8679,-1,-1,-1
71,-1,353.09,171.43,41.814,83.628,0.77016,-1,-1,-1
71,-1,622.76,249.13,47.966,95.932,0.64858,-1,-1,-1
71,-1,578.02,219.52,45.622,91.243,0.5658,-1,-1,-1
71,-1,516.51,195.01,40.944,81.888,0.55665,-1,-1,-1
71,-1,417.93,190.42,42.666,85.332,0.50147,-1,-1,-1
71,-1,411.31,138.27,68.133,136.27,0.10319,-1,-1,-1
72,-1,346.35,170.39,42.179,84.358,0.83997,-1,-1,-1
72,-1,257.83,197.5,37.387,74.774,0.71721,-1,-1,-1
72,-1,702.27,257.24,52.023,104.05,0.62573,-1,-1,-1
72,-1,576.81,218.23,46.801,93.601,0.58306,-1,-1,-1
72,-1,510.87,192.42,42.065,84.129,0.54419,-1,-1,-1
72,-1,621.35,247.09,48.58,97.161,0.49989,-1,-1,-1
72,-1,519.85,240.62,24.435,48.871,0.30605,-1,-1,-1
72,-1,408.1,133.44,70.662,141.32,0.077363,-1,-1,-1
73,-1,336.33,169.32,40.958,81.916,0.92715,-1,-1,-1
73,-1,251.01,194.69,37.626,75.251,0.92809,-1,-1,-1
73,-1,570.31,212.85,45.729,91.457,0.71982,-1,-1,-1
73,-1,617.42,240.11,51.343,102.69,0.61901,-1,-1,-1
73,-1,502.96,195.94,37.105,74.209,0.51226,-1,-1,-1
73,-1,695.37,249.49,51.513,103.03,0.49669,-1,-1,-1
73,-1,431.24,138.42,31.944,63.888,0.49992,-1,-1,-1
74,-1,332.91,169.1,41.08,82.16,0.93879,-1,-1,-1
74,-1,245.53,194.32,37.298,74.595,0.94899,-1,-1,-1
74,-1,496.21,193.82,38.351,76.702,0.80544,-1,-1,-1
74,-1,693.3,246.23,48.847,97.693,0.76255,-1,-1,-1
74,-1,569.08,210.76,46.536,93.073,0.69829,-1,-1,-1
74,-1,616.91,240.96,48.542,97.085,0.68037,-1,-1,-1
75,-1,327.9,169.4,41.048,82.094,0.85708,-1,-1,-1
75,-1,244.48,193.79,36.709,73.418,0.842,-1,-1,-1
75,-1,488.89,187.6,41.049,82.099,0.82967,-1,-1,-1
75,-1,566.48,213.48,42.56,85.12,0.75404,-1,-1,-1
75,-1,691.54,245.79,48.973,97.946,0.58337,-1,-1,-1
75,-1,615.87,241.38,47.071,94.143,0.50278,-1,-1,-1
75,-1,386.78,191.69,39.497,78.995,0.50084,-1,-1,-1
75,-1,431.24,138.42,31.944,63.888,0.49997,-1,-1,-1
76,-1,320.57,166.3,41.434,82.868,0.82586,-1,-1,-1
76,-1,559.83,212.8,42.387,84.775,0.78545,-1,-1,-1
76,-1,476.76,185.71,41.254,82.508,0.70688,-1,-1,-1
76,-1,383.39,186.34,42.259,84.519,0.68388,-1,-1,-1
76,-1,233.97,190.42,37.874,75.748,0.60573,-1,-1,-1
76,-1,686.95,270.29,29.568,59.137,0.34931,-1,-1,-1
76,-1,680.15,228.99,55.454,110.91,0.45979,-1,-1,-1
76,-1,616.9,232.54,51.066,102.13,0.4862,-1,-1,-1
76,-1,431.24,138.42,31.944,63.888,0.49994,-1,-1,-1
77,-1,320.05,165.41,40.872,81.743,0.90252,-1,-1,-1
77,-1,232.87,190.89,36.59,73.181,0.88059,-1,-1,-1
77,-1,677.71,234.21,49.35,98.7,0.83861,-1,-1,-1
77,-1,554.16,204.08,46.176,92.35,0.70976,-1,-1,-1
77,-1,375.75,185.27,42.798,85.596,0.68167,-1,-1,-1
77,-1,469.66,186.59,39.971,79.941,0.65452,-1,-1,-1
77,-1,615.74,233.59,47.342,94.686,0.63529,-1,-1,-1
78,-1,314.14,163.41,40.437,80.875,0.92535,-1,-1,-1
78,-1,614.21,229.64,47.416,94.833,0.84586,-1,-1,-1
78,-1,227.5,191.46,35.555,71.11,0.82368,-1,-1,-1
78,-1,365.95,186.39,40.758,81.516,0.78177,-1,-1,-1
78,-1,456.03,184.75,41.604,83.21,0.61821,-1,-1,-1
78,-1,675.34,233.42,47.348,94.696,0.58762,-1,-1,-1
78,-1,552.23,207.09,42.117,84.232,0.52519,-1,-1,-1
79,-1,312.9,164.64,40.277,80.554,0.90509,-1,-1,-1
79,-1,360.33,184.79,42.637,85.273,0.90635,-1,-1,-1
79,-1,609.02,224.8,49.666,99.334,0.83846,-1,-1,-1
79,-1,221.13,187.83,36.755,73.51,0.84323,-1,-1,-1
79,-1,453.8,188.37,39.053,78.106,0.80012,-1,-1,-1
79,-1,670.54,234.14,46.658,93.314,0.55208,-1,-1,-1
79,-1,545.77,205.35,42.489,84.977,0.54432,-1,-1,-1
80,-1,216.25,187.48,36.204,72.407,0.9398,-1,-1,-1
80,-1,308.44,163.38,39.223,78.447,0.88695,-1,-1,-1
80,-1,353.76,183.88,43.312,86.624,0.79983,-1,-1,-1
80,-1,608.16,226.05,46.367,92.734,0.70042,-1,-1,-1
80,-1,448.4,187.8,39.566,79.133,0.58067,-1,-1,-1
80,-1,545.64,205.5,42.518,85.036,0.5465,-1,-1,-1
80,-1,433.3,183.27,43.608,87.215,0.50196,-1,-1,-1
80,-1,669.66,227.76,48.492,96.985,0.51226,-1,-1,-1
80,-1,431.24,138.42,31.944,63.888,0.49991,-1,-1,-1
81,-1,306.53,162.05,40.802,81.605,0.88407,-1,-1,-1
81,-1,214.6,186.42,36.292,72.585,0.94369,-1,-1,-1
81,-1,662.95,221.76,47.034,94.067,0.88475,-1,-1,-1
81,-1,346.56,183.84,42.929,85.857,0.82841,-1,-1,-1
81,-1,431.82,183.51,43.555,87.109,0.69697,-1,-1,-1
81,-1,538.41,196.99,45.063,90.127,0.51054,-1,-1,-1
81,-1,602.41,224.26,49.275,98.55,0.49847,-1,-1,-1
81,-1,319.01,91.263,91.103,182.21,0.0023715,-1,-1,-1
81,-1,566.1,80.872,121.31,242.61,0.00011119,-1,-1,-1
82,-1,339.69,184.86,41.927,83.853,0.91989,-1,-1,-1
82,-1,300.37,160.76,40.114,80.229,0.87935,-1,-1,-1
82,-1,600.54,221.18,45.675,91.349,0.92183,-1,-1,-1
82,-1,207.51,186.66,35.066,70.131,0.91158,-1,-1,-1
82,-1,655.68,219.93,46.217,92.436,0.8541,-1,-1,-1
82,-1,538.55,198.76,42.379,84.759,0.63124,-1,-1,-1
82,-1,425.14,184.64,41.836,83.672,0.5435,-1,-1,-1
83,-1,297.3,161.46,38.213,76.426,0.95972,-1,-1,-1
83,-1,334.64,186.17,40.423,80.847,0.95556,-1,-1,-1
83,-1,592.96,218.32,47.652,95.305,0.89282,-1,-1,-1
83,-1,652.16,219.27,43.353,86.705,0.89581,-1,-1,-1
83,-1,204.27,184.62,35.414,70.828,0.81403,-1,-1,-1
83,-1,532.35,200.32,41.577,83.153,0.78118,-1,-1,-1
83,-1,418.07,184.23,42.524,85.047,0.49426,-1,-1,-1
84,-1,291.58,160.04,39.174,78.348,0.88072,-1,-1,-1
84,-1,199.87,182.93,35.971,71.942,0.92047,-1,-1,-1
84,-1,592.41,217.58,47.675,95.349,0.89302,-1,-1,-1
84,-1,647.02,215.2,46.276,92.553,0.83424,-1,-1,-1
84,-1,330.45,182.62,43.825,87.65,0.73384,-1,-1,-1
84,-1,528.24,199.7,38.725,77.451,0.54015,-1,-1,-1
84,-1,600.47,44.479,133.44,266.88,2.6308e-06,-1,-1,-1
84,-1,431.24,138.42,31.944,63.888,0.49995,-1,-1,-1
85,-1,195.16,183.24,34.27,68.54,0.98093,-1,-1,-1
85,-1,320.52,186.44,39.846,79.692,0.96002,-1,-1,-1
85,-1,638.8,212.19,44.99,89.98,0.91834,-1,-1,-1
85,-1,521.77,199.64,38.682,77.366,0.76308,-1,-1,-1
85,-1,283.89,156.85,39.693,79.387,0.69336,-1,-1,-1
85,-1,583.97,215.79,49.509,99.019,0.48043,-1,-1,-1
86,-1,191.01,184.9,33.058,66.115,0.91304,-1,-1,-1
86,-1,313.56,184.41,41.598,83.196,0.86532,-1,-1,-1
86,-1,282.74,155.48,38.468,76.935,0.81454,-1,-1,-1
86,-1,636.52,213.37,43.801,87.601,0.75581,-1,-1,-1
86,-1,584.58,210.36,46.978,93.956,0.62398,-1,-1,-1
86,-1,515.76,198.74,38.928,77.856,0.50105,-1,-1,-1
86,-1,391.52,183.73,42.023,84.047,0.48779,-1,-1,-1
86,-1,431.24,138.42,31.944,63.888,0.49993,-1,-1,-1
86,-1,578.23,44.479,133.44,266.88,2.4649e-06,-1,-1,-1
87,-1,181.85,179.71,34.521,69.043,0.96471,-1,-1,-1
87,-1,304.76,183.23,42.605,85.211,0.92238,-1,-1,-1
87,-1,578.79,210.75,45.615,91.229,0.93841,-1,-1,-1
87,-1,629.15,210.12,41.713,83.425,0.83957,-1,-1,-1
87,-1,383.32,183.33,43.023,86.044,0.79564,-1,-1,-1
87,-1,272.69,155.92,37.365,74.73,0.71903,-1,-1,-1
87,-1,431.24,138.42,31.944,63.888,0.50012,-1,-1,-1
87,-1,566.1,60.654,121.31,242.61,2.9679e-05,-1,-1,-1
88,-1,300.46,185.6,40.789,81.578,0.95047,-1,-1,-1
88,-1,623.8,206.6,42.459,84.918,0.94984,-1,-1,-1
88,-1,577.75,210.18,45.848,91.696,0.93102,-1,-1,-1
88,-1,179.34,181.75,33.438,66.876,0.91548,-1,-1,-1
88,-1,269.71,155.83,37.32,74.641,0.8257,-1,-1,-1
88,-1,378.31,185.92,41.501,83.002,0.71079,-1,-1,-1
88,-1,502.45,193.1,38.875,77.751,0.50066,-1,-1,-1
88,-1,566.24,79.63,112.39,224.78,0.00025469,-1,-1,-1
89,-1,295.74,186.77,39.054,78.109,0.95678,-1,-1,-1
89,-1,176.07,180.38,33.611,67.223,0.95185,-1,-1,-1
89,-1,264.15,153.14,39.564,79.128,0.86186,-1,-1,-1
89,-1,374.34,183.96,42.421,84.843,0.82088,-1,-1,-1
89,-1,572.96,211.78,43.547,87.095,0.72532,-1,-1,-1
89,-1,618.7,203.99,44.886,89.773,0.55829,-1,-1,-1
89,-1,495.92,188.16,41.205,82.408,0.4981,-1,-1,-1
89,-1,431.24,138.42,31.944,63.888,0.50015,-1,-1,-1
89,-1,562.33,91.124,106.1,212.2,0.0008872,-1,-1,-1
90,-1,290.63,186.7,38.814,77.626,0.89728,-1,-1,-1
90,-1,172.15,181,31.879,63.758,0.87819,-1,-1,-1
90,-1,262.77,155.72,36.691,73.383,0.7855,-1,-1,-1
90,-1,568.33,203.54,46.293,92.587,0.69544,-1,-1,-1
90,-1,367.69,184.91,41.62,83.242,0.67805,-1,-1,-1
90,-1,496.05,193.72,38.388,76.777,0.66827,-1,-1,-1
90,-1,616.49,205.47,42.589,85.18,0.50591,-1,-1,-1
90,-1,388.76,202.48,31.977,63.954,0.46654,-1,-1,-1
90,-1,545.88,60.654,121.31,242.61,2.8147e-05,-1,-1,-1
90,-1,431.24,138.42,31.944,63.888,0.49995,-1,-1,-1
91,-1,282.48,185.41,38.99,77.981,0.97919,-1,-1,-1
91,-1,561.38,203.5,45.641,91.282,0.93367,-1,-1,-1
91,-1,164.83,177.5,33.732,67.464,0.94817,-1,-1,-1
91,-1,252.44,153.31,36.839,73.678,0.8941,-1,-1,-1
91,-1,354.39,185.31,40.879,81.759,0.87455,-1,-1,-1
91,-1,602.8,199.9,42.461,84.924,0.70659,-1,-1,-1
91,-1,482.88,191.58,39.43,78.861,0.6815,-1,-1,-1
91,-1,551.4,73.52,110.28,220.56,0.00021275,-1,-1,-1
91,-1,250.64,66.845,100.25,200.5,0.00016138,-1,-1,-1
92,-1,277.29,184.88,39.702,79.404,0.9645,-1,-1,-1
92,-1,559.38,203.49,45.102,90.204,0.92567,-1,-1,-1
92,-1,164.35,178.58,32.972,65.944,0.92037,-1,-1,-1
92,-1,601.53,197.43,43.899,87.798,0.88948,-1,-1,-1
92,-1,249.27,155,35.65,71.3,0.81531,-1,-1,-1
92,-1,353.25,186.36,39.893,79.785,0.79795,-1,-1,-1
92,-1,476.43,192.4,39.081,78.162,0.50243,-1,-1,-1
92,-1,552,124.07,83.406,166.81,0.026016,-1,-1,-1
93,-1,265.05,183.73,39.819,79.637,0.94889,-1,-1,-1
93,-1,552.77,203.08,44.459,88.916,0.90123,-1,-1,-1
93,-1,342.86,187.33,38.603,77.207,0.85042,-1,-1,-1
93,-1,158.69,179.58,32.203,64.408,0.83443,-1,-1,-1
93,-1,595.06,201.32,40.418,80.835,0.80837,-1,-1,-1
93,-1,239.81,148.99,37.305,74.61,0.60145,-1,-1,-1
93,-1,462.01,185.69,41.121,82.242,0.62253,-1,-1,-1
93,-1,552.36,124.28,82.855,165.71,0.027386,-1,-1,-1
94,-1,262.55,183.31,40.252,80.503,0.94201,-1,-1,-1
94,-1,153.83,179.17,32.22,64.438,0.85659,-1,-1,-1
94,-1,239.21,149.09,35.625,71.251,0.81048,-1,-1,-1
94,-1,336.74,184.52,40.888,81.776,0.72089,-1,-1,-1
94,-1,461.06,188.46,40.186,80.372,0.65873,-1,-1,-1
94,-1,588.55,192.95,42.047,84.094,0.60743,-1,-1,-1
94,-1,551.95,202.82,43.845,87.69,0.54311,-1,-1,-1
94,-1,552.37,124.3,82.849,165.7,0.027406,-1,-1,-1
95,-1,149.03,175.22,33.089,66.179,0.94947,-1,-1,-1
95,-1,256.41,181.26,40.757,81.513,0.92224,-1,-1,-1
95,-1,545.59,196.53,44.768,89.535,0.83835,-1,-1,-1
95,-1,586.89,193.37,39.696,79.392,0.80014,-1,-1,-1
95,-1,333.23,181.27,41.38,82.762,0.713,-1,-1,-1
95,-1,233.22,150.04,36.654,73.308,0.69298,-1,-1,-1
95,-1,455.1,188.23,40.554,81.108,0.50649,-1,-1,-1
95,-1,539.09,134.33,77.845,155.69,0.052432,-1,-1,-1
96,-1,143.9,175.78,32.307,64.614,0.97133,-1,-1,-1
96,-1,538.75,197.08,43.967,87.934,0.94456,-1,-1,-1
96,-1,250.72,182.59,38.956,77.91,0.94215,-1,-1,-1
96,-1,321.56,178.56,41.651,83.301,0.80528,-1,-1,-1
96,-1,580.08,192.48,40.214,80.428,0.81661,-1,-1,-1
96,-1,227.02,150.74,36.092,72.183,0.66224,-1,-1,-1
96,-1,438.25,182.36,44.176,88.351,0.63217,-1,-1,-1
97,-1,244.81,181.08,38.929,77.859,0.93787,-1,-1,-1
97,-1,537.8,197.67,43.388,86.777,0.91275,-1,-1,-1
97,-1,143.26,176.92,31.136,62.272,0.88987,-1,-1,-1
97,-1,320.22,179.09,40.925,81.851,0.87829,-1,-1,-1
97,-1,221.43,149.16,36.246,72.494,0.81595,-1,-1,-1
97,-1,431.25,182.67,43.993,87.987,0.80414,-1,-1,-1
97,-1,573.96,191.51,42.115,84.229,0.59754,-1,-1,-1
97,-1,544.03,246.87,26.417,52.835,0.32852,-1,-1,-1
98,-1,243.12,180.42,39.533,79.066,0.8693,-1,-1,-1
98,-1,138.36,174.39,32.038,64.076,0.83529,-1,-1,-1
98,-1,530.98,197.13,43.952,87.904,0.79577,-1,-1,-1
98,-1,217.14,148.17,35.823,71.646,0.76576,-1,-1,-1
98,-1,431.09,185.04,42.348,84.695,0.70934,-1,-1,-1
98,-1,314.37,179.55,40.203,80.407,0.69829,-1,-1,-1
98,-1,569.54,188.66,40.047,80.096,0.51307,-1,-1,-1
99,-1,237.78,180.33,38.934,77.869,0.94191,-1,-1,-1
99,-1,136.69,172.1,33.337,66.674,0.91849,-1,-1,-1
99,-1,309.13,180.77,38.71,77.419,0.90987,-1,-1,-1
99,-1,214.6,146.91,37.026,74.052,0.81566,-1,-1,-1
99,-1,566.93,186.9,39.407,78.814,0.77342,-1,-1,-1
99,-1,525.85,195,41.266,82.531,0.53028,-1,-1,-1
99,-1,411.16,137.58,67.992,135.98,0.10293,-1,-1,-1
99,-1,524.12,148.06,68.725,137.45,0.12967,-1,-1,-1
99,-1,431.24,138.42,31.944,63.888,0.50005,-1,-1,-1
99,-1,548.37,218.28,31.944,63.888,0.43664,-1,-1,-1
100,-1,230.95,180.61,38.318,76.636,0.97455,-1,-1,-1
100,-1,301.47,178.11,39.441,78.881,0.9615,-1,-1,-1
100,-1,517.9,192.27,42.449,84.898,0.93738,-1,-1,-1
100,-1,132.29,172.88,32.196,64.391,0.93174,-1,-1,-1
100,-1,206.6,149.16,33.794,67.588,0.92336,-1,-1,-1
100,-1,561.64,190.29,36.735,73.47,0.89565,-1,-1,-1
101,-1,226.8,181.14,37.278,74.555,0.96348,-1,-1,-1
101,-1,128.28,172.43,31.986,63.971,0.93236,-1,-1,-1
101,-1,297.36,177.44,39.202,78.404,0.91215,-1,-1,-1
101,-1,516.57,190.48,43.614,87.227,0.88511,-1,-1,-1
101,-1,204.9,146.53,35.008,70.016,0.76383,-1,-1,-1
101,-1,555.31,187.39,36.934,73.869,0.72189,-1,-1,-1
102,-1,124.17,171.16,32.217,64.433,0.9491,-1,-1,-1
102,-1,220.61,178.38,39.794,79.586,0.90325,-1,-1,-1
102,-1,201,146.23,33.513,67.024,0.89269,-1,-1,-1
102,-1,295.84,180.78,38.542,77.083,0.86171,-1,-1,-1
102,-1,554.47,187.67,36.074,72.15,0.62224,-1,-1,-1
102,-1,514.95,190.02,43.648,87.297,0.49522,-1,-1,-1
102,-1,431.24,138.42,31.944,63.888,0.49994,-1,-1,-1
103,-1,119.02,169.18,32.273,64.547,0.92116,-1,-1,-1
103,-1,214.09,178.25,38.758,77.515,0.87548,-1,-1,-1
103,-1,193.19,145.99,35.419,70.838,0.83683,-1,-1,-1
103,-1,284.4,173.37,39.566,79.132,0.8363,-1,-1,-1
103,-1,542.5,182.75,37.405,74.81,0.5527,-1,-1,-1
103,-1,385.86,191.19,39.77,79.54,0.51105,-1,-1,-1
103,-1,506.95,183.77,45.734,91.467,0.46869,-1,-1,-1
103,-1,431.24,138.42,31.944,63.888,0.49995,-1,-1,-1
104,-1,117.42,169.13,32.262,64.522,0.9655,-1,-1,-1
104,-1,501.47,183.15,43.573,87.148,0.92015,-1,-1,-1
104,-1,211.47,178.14,38.319,76.637,0.90483,-1,-1,-1
104,-1,283.43,173.37,39.319,78.638,0.87675,-1,-1,-1
104,-1,188.14,146.55,34.826,69.653,0.78462,-1,-1,-1
104,-1,383.73,186.86,41.62,83.239,0.61504,-1,-1,-1
104,-1,543.69,187.43,35.111,70.222,0.49181,-1,-1,-1
104,-1,431.24,138.42,31.944,63.888,0.49995,-1,-1,-1
105,-1,277.41,173.09,39.723,79.445,0.87994,-1,-1,-1
105,-1,498.1,183.86,42.875,85.751,0.86021,-1,-1,-1
105,-1,206.68,177.43,38.516,77.031,0.8581,-1,-1,-1
105,-1,116.46,171.6,29.774,59.547,0.83803,-1,-1,-1
105,-1,184.9,148.26,33.068,66.135,0.68474,-1,-1,-1
105,-1,376.83,186.37,42.191,84.382,0.61763,-1,-1,-1
105,-1,477.88,55.21,110.26,220.51,5.0698e-05,-1,-1,-1
105,-1,431.24,138.42,31.944,63.888,0.49992,-1,-1,-1
106,-1,181.56,146.44,33.483,66.965,0.87163,-1,-1,-1
106,-1,494.34,184.09,42.814,85.629,0.83929,-1,-1,-1
106,-1,276.9,173.34,39.299,78.598,0.82593,-1,-1,-1
106,-1,372.59,190.56,39.804,79.609,0.8295,-1,-1,-1
106,-1,111.7,166.46,33.382,66.762,0.81456,-1,-1,-1
106,-1,201.48,177.45,38.172,76.345,0.70806,-1,-1,-1
106,-1,527.97,203.84,24.124,48.248,0.34513,-1,-1,-1
106,-1,531.88,192.96,29.773,59.546,0.44157,-1,-1,-1
106,-1,478,58.527,108.98,217.97,7.4441e-05,-1,-1,-1
107,-1,110.89,168.07,30.012,60.025,0.52836,-1,-1,-1
107,-1,193.12,176.71,37.585,75.169,0.51357,-1,-1,-1
107,-1,482.04,184.61,41.957,83.914,0.49893,-1,-1,-1
107,-1,174.25,148.12,32.604,65.209,0.49799,-1,-1,-1
107,-1,269.39,175.69,35.139,70.277,0.49995,-1,-1,-1
107,-1,523.6,198,26.4,52.8,0.38911,-1,-1,-1
