1,1,682.07,285.96,34.32,102.25,-1,-11773,-14337,0
2,1,678,284.34,34.215,101.83,-1,-11259,-13537,0
3,1,673.04,282.38,34.086,101.31,-1,-10623,-12631,0
4,1,667.6,280.22,33.944,100.74,-1,-9806,-11726,0
5,1,661.96,277.99,33.798,100.16,-1,-8891,-10722,0
5,2,719.33,284.06,40.475,117.66,-1,-8751.4,-10569,0
6,1,656.27,275.73,33.65,99.565,-1,-7876.8,-9596.7,0
6,2,713.3,282.91,40.367,117.32,-1,-7742,-9425.9,0
7,1,650.58,273.47,33.502,98.972,-1,-7363.2,-8411.4,0
7,2,705.94,281.51,40.236,116.9,-1,-7425.1,-8263.2,0
8,1,644.89,271.22,33.354,98.38,-1,-8109.3,-7449.4,0
8,2,697.86,279.96,40.091,116.45,-1,-8228.7,-7316.3,0
9,1,639.2,268.96,33.206,97.787,-1,-8933.8,-6521.2,0
9,2,689.5,278.37,39.94,115.97,-1,-9037.7,-6386,0
10,1,633.53,266.71,33.056,97.193,-1,-9378.2,-5490.7,0
10,2,681.09,276.74,39.787,115.5,-1,-9417.1,-5334.5,0
10,3,749.38,320.78,18.401,103.59,-1,-9448,-5175.5,0
11,1,627.9,264.45,32.902,96.596,-1,-9327.5,-4286.2,0
11,2,672.81,275.08,39.635,115.02,-1,-9268.8,-4093.4,0
11,3,741.99,317.02,24.963,105.84,-1,-9209.3,-3899.1,0
12,1,622.4,262.17,32.735,95.993,-1,-8956.7,-2975,0
12,2,664.87,273.33,39.483,114.54,-1,-8915.8,-2800.9,0
12,3,733.6,312.85,31.49,108.01,-1,-8875.4,-2626.3,0
13,1,617.13,259.88,32.545,95.379,-1,-8668.6,-1728.7,0
13,2,657.53,271.41,39.33,114.06,-1,-8625.9,-1543.7,0
13,3,725.33,308.88,36.511,109.56,-1,-8582.8,-1356.8,0
14,1,612.18,257.55,32.323,94.749,-1,-8366.8,-419.88,0
14,2,651.03,269.25,39.177,113.58,-1,-8328,-250.97,0
14,3,717.74,305.4,39.451,110.28,-1,-8291.9,-93.379,0
15,1,607.55,255.18,32.069,94.103,-1,-8125.2,636.97,0
15,2,645.37,266.85,39.025,113.1,-1,-8091.6,784.23,0
15,3,710.82,302.36,40.694,110.33,-1,-8057.8,932.64,0
16,1,603.15,252.8,31.792,93.446,-1,-7900.6,1620.5,0
16,2,640.31,264.29,38.873,112.63,-1,-7882.8,1697.9,0
16,3,704.33,299.6,40.963,110.01,-1,0,0,0
17,1,598.88,250.4,31.503,92.783,-1,-12017,-14957,0
17,2,635.59,261.63,38.72,112.15,-1,-11996,-14835,0
17,3,698.01,296.95,40.845,109.54,-1,-11972,-14699,0
18,1,594.66,248,31.208,92.117,-1,-11813,-13991,0
18,2,630.99,258.93,38.567,111.67,-1,-11751,-13862,0
18,3,691.74,294.32,40.615,109.02,-1,-11673,-13739,0
18,4,746.64,338.5,21.418,109.98,-1,-11582,-13621,0
19,1,590.45,245.6,30.912,91.45,-1,-11172,-13150,0
19,2,626.44,256.23,38.415,111.19,-1,-11065,-13029,0
19,3,685.46,291.7,40.385,108.5,-1,-10956,-12906,0
19,4,739.22,336.89,28.52,110.42,-1,-10843,-12783,0
20,1,586.24,243.19,30.615,90.783,-1,-10310,-12323,0
20,2,621.88,253.52,38.263,110.71,-1,-10150,-12220,0
20,3,679.18,289.08,40.155,107.98,-1,-9983.1,-12119,0
20,4,730.46,334.84,36.343,110.94,-1,-9811.7,-12017,0
21,1,582.03,240.79,30.318,90.117,-1,-9092.5,-11592,0
21,2,617.32,250.81,38.11,110.23,-1,-8904.9,-11480,0
21,3,672.91,286.46,39.925,107.46,-1,-8715.8,-11365,0
21,4,721.41,332.44,43.304,111.5,-1,-8528.7,-11245,0
22,1,577.82,238.39,30.022,89.45,-1,-7871.4,-10669,0
22,2,612.79,248.11,37.958,109.75,-1,-7726,-10504,0
22,3,666.63,283.83,39.696,106.94,-1,-7584.8,-10336,0
22,4,712.84,329.73,48.221,112.03,-1,-7452.8,-10165,0
23,1,573.62,235.98,29.726,88.783,-1,-7154.2,-9484.7,0
23,2,608.36,245.4,37.809,109.25,-1,-7129.9,-9315.4,0
23,3,660.39,281.21,39.468,106.42,-1,-7115.1,-9145.2,0
23,4,705.01,326.77,50.841,112.54,-1,-7108.7,-8973.7,0
24,1,569.41,233.58,29.43,88.117,-1,-7133.7,-8275.4,0
24,2,604.18,242.7,37.664,108.7,-1,-7143.9,-8098,0
24,3,654.25,278.6,39.24,105.9,-1,-7154.1,-7919.4,0
24,4,697.79,323.64,51.696,113.02,-1,-7164.5,-7739.7,0
25,1,565.2,231.18,29.134,87.45,-1,-7206.3,-7008.8,0
25,2,600.44,240.01,37.529,108.07,-1,-7216.9,-6823.1,0
25,3,648.36,275.99,39.012,105.38,-1,-7227.2,-6637,0
25,4,690.91,320.41,51.6,113.49,-1,-7237.3,-6451.5,0
26,1,560.99,228.77,28.838,86.783,-1,-7267.4,-5741.4,0
26,2,597.33,237.33,37.404,107.33,-1,-7265.4,-5566.8,0
26,3,642.96,273.41,38.784,104.86,-1,-7252,-5387.4,0
26,4,684.2,317.15,51.129,113.94,-1,-7222.8,-5200.8,0
27,1,556.78,226.37,28.542,86.117,-1,-6990.4,-4397.9,0
27,2,594.83,234.66,37.29,106.47,-1,-6925,-4200,0
27,3,638.21,270.85,38.555,104.35,-1,-6861.9,-4011,0
27,4,677.67,313.88,50.551,114.34,-1,-6801.2,-3831.2,0
28,1,552.58,223.96,28.245,85.45,-1,-6567.6,-3141.3,0
28,2,592.78,231.99,37.185,105.53,-1,-6510.6,-2961.5,0
28,3,634.11,268.33,38.325,103.83,-1,-6455.1,-2774.9,0
28,4,671.51,310.6,49.981,114.62,-1,-6401,-2581.5,0
29,1,548.37,221.56,27.948,84.782,-1,-6191.2,-1767.4,0
29,2,590.98,229.33,37.086,104.54,-1,-6144,-1563.5,0
29,3,630.5,265.83,38.095,103.31,-1,-6104.9,-1366.3,0
29,4,666.03,307.33,49.429,114.68,-1,-6077.2,-1179.1,0
30,1,544.16,219.16,27.652,84.115,-1,-6048.4,-503,0
30,2,589.28,226.67,36.987,103.54,-1,-6047.5,-337.81,0
30,3,627.14,263.33,37.865,102.79,-1,-6046.5,-171.55,0
30,4,661.47,304.06,48.9,114.44,-1,-6045.5,-4.24,0
31,1,539.95,216.75,27.356,83.448,-1,-6042.1,666.66,0
31,2,587.6,224.02,36.889,102.53,-1,-6041.3,817.21,0
31,3,623.88,260.85,37.635,102.27,-1,-6040.7,941.23,0
31,4,657.84,300.79,48.395,113.89,-1,-6040.2,1028.4,0
31,5,752.35,317.01,15.544,108.23,-1,0,0,0
32,1,535.74,214.35,27.06,82.78,-1,0,0,0
32,2,585.92,221.36,36.791,101.52,-1,0,0,0
32,3,620.66,258.36,37.405,101.75,-1,0,0,0
32,4,654.88,297.51,47.906,113.13,-1,0,0,0
32,5,747.06,314.85,20.292,108.65,-1,0,0,0
33,1,531.53,211.94,26.764,82.113,-1,-12722,-15478,0
33,2,584.25,218.7,36.693,100.51,-1,-12683,-15391,0
33,3,617.43,255.87,37.175,101.23,-1,-12633,-15290,0
33,4,652.3,294.24,47.426,112.25,-1,-12572,-15181,0
33,5,741.13,312.3,25.021,108.98,-1,-12504,-15065,0
34,1,527.31,209.56,26.476,81.443,-1,-12279,-14702,0
34,2,582.57,216.05,36.595,99.495,-1,-12202,-14577,0
34,3,614.21,253.39,36.946,100.71,-1,-12123,-14451,0
34,4,649.86,290.97,46.95,111.32,-1,-12043,-14323,0
34,5,735.36,309.61,28.673,109.09,-1,-11963,-14193,0
35,1,523.02,207.21,26.216,80.761,-1,-11711,-13802,0
35,2,580.86,213.39,36.498,98.485,-1,-11621,-13678,0
35,3,610.99,250.9,36.718,100.19,-1,-11527,-13563,0
35,4,647.46,287.7,46.475,110.38,-1,-11428,-13455,0
35,5,730.17,306.95,30.832,108.93,-1,-11325,-13354,0
35,7,752.61,371.84,15.421,124.22,-1,-11111,-13157,0
36,1,518.57,204.99,26.027,80.05,-1,-11002,-13058,0
36,2,579.05,210.77,36.4,97.475,-1,-10891,-12957,0
36,3,607.76,248.41,36.49,99.677,-1,-10778,-12855,0
36,4,645.06,284.43,46,109.44,-1,-10664,-12752,0
36,5,725.54,304.35,31.773,108.57,-1,-10548,-12647,0
36,6,748.75,330.64,19.38,120.5,-1,-10431,-12540,0
36,7,746.68,371.66,20.973,124.09,-1,-10312,-12432,0
37,1,513.84,202.98,25.97,79.283,-1,-10191,-12323,0
37,2,576.97,208.2,36.302,96.465,-1,-10068,-12212,0
37,3,604.54,245.93,36.262,99.159,-1,-9944,-12099,0
37,4,642.66,281.15,45.525,108.5,-1,-9817.7,-11985,0
37,5,721.25,301.8,32.014,108.09,-1,-9689.5,-11869,0
37,6,745.97,330.18,22.11,120.41,-1,-9559.4,-11751,0
37,7,739.44,371.13,27.112,123.88,-1,-9427.3,-11631,0
38,1,508.7,201.27,26.091,78.441,-1,-9293.1,-11510,0
38,2,574.39,205.74,36.205,95.455,-1,-9156.8,-11386,0
38,3,601.31,243.44,36.034,98.64,-1,-9018.3,-11261,0
38,4,640.26,277.88,45.05,107.56,-1,-8877.6,-11134,0
38,5,717.09,299.27,31.978,107.56,-1,-8735.1,-11004,0
38,6,742.56,329.57,25.319,120.28,-1,-8591.7,-10871,0
38,7,731.45,369.94,32.629,123.58,-1,-8449.7,-10731,0
39,1,503.15,199.87,26.387,77.535,-1,-8312.2,-10581,0
39,2,571.14,203.42,36.108,94.445,-1,-8182,-10418,0
39,3,598.09,240.95,35.805,98.12,-1,-8059.1,-10241,0
39,4,637.86,274.61,44.575,106.61,-1,-7941.3,-10053,0
39,5,712.97,296.75,31.862,107.02,-1,-7825.3,-9858.2,0
39,6,738.76,328.76,28.525,120.09,-1,-7708.9,-9658.3,0
39,7,723.19,367.88,36.621,123.17,-1,-7592.8,-9455.2,0
40,1,497.23,198.74,26.798,76.612,-1,-7480.8,-9250.7,0
40,2,567.2,201.25,36.01,93.435,-1,-7382.4,-9048,0
40,3,594.86,238.47,35.575,97.6,-1,-7311.4,-8852,0
40,4,635.46,271.34,44.1,105.67,-1,-7279,-8667.1,0
40,5,708.86,294.23,31.745,106.48,-1,-7285.9,-8494.3,0
40,6,734.7,327.69,31.248,119.81,-1,-7322,-8330.7,0
40,7,715.02,364.98,38.889,122.64,-1,-7374,-8172.2,0
41,1,490.96,197.87,27.238,75.754,-1,-7432.4,-8015.5,0
41,2,562.77,199.19,35.912,92.425,-1,-7492.7,-7859.1,0
41,3,591.64,235.98,35.345,97.08,-1,-7553.1,-7702.2,0
41,4,633.06,268.07,43.625,104.73,-1,-7613.6,-7545,0
41,5,704.74,291.71,31.628,105.94,-1,-7674.3,-7387.3,0
41,6,730.44,326.27,33.174,119.42,-1,-7735.1,-7229.2,0
41,7,707.34,361.56,39.832,122.02,-1,-7795.9,-7070.8,0
42,1,484.27,197.3,27.629,75.063,-1,-7855.9,-6912.3,0
42,2,558.05,197.21,35.815,91.42,-1,-7913.9,-6754,0
42,3,588.41,233.49,35.115,96.561,-1,-7968,-6596.5,0
42,4,630.66,264.79,43.15,103.79,-1,-8016.8,-6440.3,0
42,5,700.62,289.19,31.512,105.4,-1,-8060.1,-6285.3,0
42,6,726.01,324.5,34.265,118.91,-1,-8099.6,-6131,0
42,7,700.62,358.03,40.06,121.36,-1,-8137,-5976.8,0
43,1,477.08,197.09,27.924,74.612,-1,-8173.6,-5822.1,0
43,2,553.16,195.28,35.718,90.43,-1,-8210.1,-5666.8,0
43,3,585.19,231.01,34.885,96.043,-1,-8246.8,-5510.9,0
43,4,628.26,261.52,42.675,102.85,-1,-8283.6,-5354.3,0
43,5,696.5,286.66,31.395,104.85,-1,-8320.6,-5196.9,0
43,6,721.46,322.49,34.744,118.31,-1,-8357.8,-5038.9,0
43,7,695.28,354.7,40.005,120.69,-1,-8395,-4880.1,0
44,1,469.4,197.22,28.116,74.402,-1,-8432.1,-4720.6,0
44,2,548.07,193.48,35.62,89.48,-1,-8468.1,-4560.6,0
44,3,581.96,228.52,34.655,95.525,-1,-8501.1,-4400.3,0
44,4,625.86,258.25,42.2,101.9,-1,-8528.3,-4239.9,0
44,5,692.38,284.14,31.278,104.31,-1,-8547.5,-4079.7,0
44,6,716.85,320.33,34.892,117.67,-1,-8558.7,-3919.6,0
44,7,691.42,351.65,39.867,120.01,-1,-8564,-3759.1,0
45,1,461.37,197.61,28.231,74.371,-1,-8566,-3597.9,0
45,2,542.66,191.87,35.522,88.603,-1,-8566.8,-3435.8,0
45,3,578.74,226.03,34.425,95.007,-1,-8567.2,-3272.5,0
45,4,623.46,254.97,41.725,100.96,-1,-8567.6,-3108.1,0
45,5,688.26,281.62,31.162,103.77,-1,-8568,-2942.5,0
45,6,712.21,318.13,34.909,117.01,-1,-8568.4,-2775.8,0
45,7,688.89,348.85,39.729,119.33,-1,-8568.8,-2607.8,0
46,1,453.14,198.14,28.305,74.436,-1,-8569.1,-2438.6,0
46,2,536.82,190.53,35.425,87.827,-1,-8569.5,-2269.9,0
46,3,575.51,223.55,34.196,94.489,-1,-8569.8,-2105.6,0
46,4,621.06,251.7,41.25,100.02,-1,-8570,-1955,0
46,5,684.14,279.1,31.045,103.23,-1,-8570.2,-1830.7,0
46,6,707.56,315.91,34.887,116.35,-1,-8570.3,-1743.3,0
46,7,687.54,346.17,39.591,118.65,-1,0,0,0
47,1,444.84,198.72,28.363,74.54,-1,0,0,0
47,2,530.54,189.47,35.327,87.153,-1,0,0,0
47,3,572.29,221.06,33.968,93.97,-1,0,0,0
47,4,618.64,248.44,40.775,99.083,-1,0,0,0
47,5,680.03,276.58,30.928,102.69,-1,0,0,0
47,6,702.91,313.69,34.865,115.68,-1,0,0,0
47,7,687.3,343.52,39.453,117.97,-1,0,0,0
48,1,436.52,199.32,28.417,74.655,-1,0,0,0
48,2,523.93,188.62,35.228,86.562,-1,0,0,0
48,3,569.06,218.57,33.74,93.45,-1,0,0,0
48,4,616.15,245.21,40.298,98.158,-1,0,0,0
48,5,675.91,274.06,30.812,102.15,-1,0,0,0
48,6,698.26,311.46,34.843,115.02,-1,0,0,0
48,7,688.01,340.87,39.315,117.29,-1,0,0,0
49,1,428.19,199.92,28.47,74.77,-1,0,0,0
49,2,517.08,187.88,35.127,86.035,-1,0,0,0
49,3,565.84,216.09,33.512,92.93,-1,-13575,-15756,0
49,4,613.5,242.07,39.82,97.265,-1,-13561,-15697,0
49,5,671.79,271.54,30.695,101.61,-1,-13541,-15623,0
49,6,693.62,309.24,34.821,114.35,-1,-13515,-15536,0
49,7,689.37,338.2,39.177,116.61,-1,-13481,-15439,0
50,1,419.87,200.52,28.523,74.885,-1,-13440,-15332,0
50,2,510.06,187.21,35.023,85.567,-1,-13394,-15220,0
50,3,562.58,213.61,33.285,92.405,-1,-13345,-15103,0
50,4,610.52,239.1,39.336,96.434,-1,-13293,-14985,0
50,5,667.67,269.02,30.578,101.07,-1,-13238,-14866,0
50,6,688.97,307.02,34.8,113.69,-1,-13176,-14749,0
50,7,691.08,335.53,39.039,115.93,-1,-13101,-14637,0
51,1,411.54,201.12,28.577,75,-1,-13008,-14533,0
51,2,502.87,186.58,34.913,85.161,-1,-12897,-14436,0
51,3,559.21,211.16,33.062,91.861,-1,-12771,-14344,0
51,4,607.12,236.34,38.846,95.685,-1,-12637,-14254,0
51,5,663.55,266.49,30.462,100.53,-1,-12498,-14163,0
51,6,684.32,304.8,34.779,113.02,-1,-12355,-14072,0
51,7,692.94,332.86,38.901,115.25,-1,-12210,-13979,0
52,1,403.22,201.72,28.63,75.115,-1,-12062,-13884,0
52,2,495.53,185.97,34.797,84.814,-1,-11911,-13788,0
52,3,555.56,208.78,32.85,91.268,-1,-11758,-13690,0
52,4,603.29,233.81,38.35,95.02,-1,-11602,-13590,0
52,5,659.43,263.97,30.345,99.983,-1,-11443,-13488,0
52,6,679.69,302.57,34.757,112.36,-1,-11281,-13385,0
52,7,694.84,330.18,38.763,114.57,-1,-11116,-13279,0
53,1,394.9,202.32,28.683,75.23,-1,-10948,-13172,0
53,2,488.08,185.39,34.679,84.508,-1,-10777,-13062,0
53,3,551.38,206.54,32.659,90.586,-1,-10602,-12951,0
53,4,599.14,231.44,37.848,94.415,-1,-10425,-12837,0
53,5,655.31,261.45,30.228,99.441,-1,-10247,-12720,0
53,6,675.1,300.29,34.735,111.7,-1,-10072,-12601,0
53,7,696.73,327.51,38.625,113.89,-1,-9908.2,-12479,0
54,1,386.57,202.91,28.737,75.345,-1,-9759.8,-12354,0
54,2,480.57,184.82,34.557,84.225,-1,-9627.7,-12225,0
54,3,546.49,204.48,32.497,89.78,-1,-9507.7,-12094,0
54,4,594.82,229.16,37.345,93.844,-1,-9393.5,-11961,0
54,5,651.2,258.93,30.112,98.9,-1,-9280.8,-11825,0
54,6,670.64,297.92,34.713,111.03,-1,-9167.2,-11688,0
54,7,698.65,324.81,38.488,113.21,-1,-9052,-11549,0
55,1,378.25,203.51,28.79,75.46,-1,-8935.1,-11407,0
55,2,473.04,184.25,34.435,83.95,-1,-8816.4,-11264,0
55,3,540.89,202.6,32.364,88.852,-1,-8696,-11118,0
55,4,590.43,226.91,36.84,93.285,-1,-8573.7,-10970,0
55,5,647.08,256.41,29.995,98.36,-1,-8449.5,-10820,0
55,6,666.41,295.38,34.691,110.37,-1,-8323.4,-10668,0
55,7,700.65,322.06,38.35,112.53,-1,-8195.3,-10513,0
56,1,369.94,204.1,28.841,75.572,-1,-8065.1,-10356,0
56,2,465.5,183.69,34.312,83.678,-1,-7933.4,-10196,0
56,3,534.76,200.86,32.252,87.832,-1,-7801.3,-10033,0
56,4,586.02,224.67,36.335,92.73,-1,-7671.5,-9865.9,0
56,5,642.96,253.89,29.878,97.82,-1,-7548.1,-9693.6,0
56,6,662.49,292.58,34.67,109.7,-1,-7434.3,-9514.9,0
56,7,702.86,319.13,38.212,111.85,-1,-7331.9,-9330.2,0
57,1,361.7,204.64,28.885,75.671,-1,-7242.1,-9140.9,0
57,2,457.97,183.12,34.188,83.406,-1,-7169.5,-8949.8,0
57,3,528.35,199.19,32.152,86.763,-1,-7123.8,-8759.9,0
57,4,581.62,222.43,35.83,92.175,-1,-7113.4,-8573.8,0
57,5,638.84,251.36,29.76,97.28,-1,-7138.4,-8392.4,0
57,6,658.88,289.54,34.65,109.04,-1,-7189.4,-8214.6,0
57,7,705.44,315.91,38.075,111.17,-1,-7254.6,-8038.7,0
58,1,353.59,205.09,28.911,75.741,-1,-7325.5,-7863.4,0
58,2,450.43,182.56,34.065,83.135,-1,-7398.1,-7688,0
58,3,521.83,197.55,32.057,85.675,-1,-7471,-7512.1,0
58,4,577.21,220.19,35.325,91.62,-1,-7544,-7335.8,0
58,5,634.72,248.84,29.642,96.739,-1,-7616.4,-7159.3,0
58,6,655.5,286.32,34.629,108.37,-1,-7686.3,-6983.5,0
58,7,708.55,312.26,37.937,110.49,-1,-7749.7,-6810,0
59,1,345.74,205.37,28.903,75.755,-1,-7800.6,-6641.1,0
59,2,442.89,181.99,33.943,82.865,-1,-7834.5,-6478.5,0
59,3,515.26,195.93,31.963,84.591,-1,-7851.3,-6322.1,0
59,4,572.8,217.96,34.82,91.065,-1,-7855.6,-6169.9,0
59,5,630.6,246.32,29.525,96.197,-1,-7852.9,-6019.5,0
59,6,652.25,283,34.607,107.71,-1,-7847.6,-5869.2,0
59,7,712.17,308.21,37.799,109.81,-1,-7841.3,-5718.1,0
60,1,338.19,205.47,28.848,75.693,-1,-7835,-5566.1,0
60,2,435.35,181.42,33.82,82.595,-1,-7828.7,-5413.1,0
60,3,508.66,194.37,31.869,83.54,-1,-7822.3,-5259,0
60,4,568.4,215.72,34.316,90.51,-1,-7815.8,-5103.8,0
60,5,626.48,243.8,29.408,95.655,-1,-7809.3,-4947.6,0
60,6,649.05,279.65,34.585,107.05,-1,-7802.8,-4790.2,0
60,7,716.1,303.86,37.66,109.13,-1,-7796.2,-4631.8,0
61,1,330.91,205.41,28.746,75.555,-1,-7789.6,-4472.3,0
61,2,427.82,180.86,33.698,82.325,-1,-7782.8,-4311.5,0
61,3,501.94,192.94,31.775,82.575,-1,-7776,-4149.7,0
61,4,563.99,213.48,33.812,89.955,-1,-7769.1,-3988.2,0
61,5,622.36,241.28,29.292,95.113,-1,-7762.4,-3831.2,0
61,6,645.86,276.28,34.563,106.38,-1,-7756.3,-3687.1,0
61,7,720,299.37,37.519,108.43,-1,-7751.2,-3568.3,0
62,1,323.78,205.28,28.61,75.361,-1,-7747.5,-3484.8,0
62,2,420.28,180.29,33.575,82.055,-1,0,0,0
62,3,495.04,191.76,31.681,81.768,-1,0,0,0
62,4,559.58,211.24,33.308,89.4,-1,0,0,0
62,5,618.25,238.76,29.175,94.571,-1,0,0,0
62,6,642.69,272.92,34.541,105.72,-1,0,0,0
62,7,723.37,294.89,37.372,107.71,-1,0,0,0
63,1,316.71,205.15,28.456,75.136,-1,0,0,0
63,2,412.75,179.73,33.452,81.784,-1,0,0,0
63,3,487.88,190.92,31.587,81.175,-1,0,0,0
63,4,555.18,209,32.804,88.845,-1,0,0,0
63,5,614.13,236.24,29.058,94.03,-1,0,0,0
63,6,639.59,269.59,34.52,105.05,-1,0,0,0
63,7,725.64,290.52,37.215,106.94,-1,0,0,0
64,1,309.66,205.01,28.294,74.9,-1,0,0,0
64,2,405.26,179.16,33.33,81.512,-1,0,0,0
64,3,480.45,190.43,31.493,80.796,-1,0,0,0
64,4,550.77,206.77,32.3,88.29,-1,0,0,0
64,5,610.01,233.71,28.942,93.49,-1,0,0,0
64,6,636.68,266.34,34.499,104.39,-1,0,0,0
64,7,726.39,286.34,37.042,106.11,-1,0,0,0
65,1,302.66,204.84,28.132,74.658,-1,0,0,0
65,2,397.85,178.61,33.208,81.24,-1,0,0,0
65,3,472.83,190.18,31.399,80.576,-1,0,0,0
65,4,546.36,204.53,31.795,87.735,-1,0,0,0
65,5,605.9,231.2,28.825,92.95,-1,0,0,0
65,6,634.1,263.23,34.477,103.72,-1,0,0,0
65,7,725.61,282.33,36.855,105.2,-1,0,0,0
66,1,295.8,204.57,27.973,74.412,-1,0,0,0
66,2,390.61,178.06,33.085,80.968,-1,0,0,0
66,3,465.11,190.07,31.305,80.44,-1,0,0,0
66,4,541.94,202.3,31.296,87.176,-1,-12771,-15575,0
66,5,601.81,228.71,28.708,92.41,-1,-12727,-15520,0
66,6,631.97,260.32,34.455,103.06,-1,-12671,-15451,0
66,7,723.71,278.45,36.656,104.25,-1,-12603,-15374,0
67,1,289.21,204.08,27.822,74.16,-1,-12527,-15290,0
67,2,383.58,177.54,32.962,80.696,-1,-12445,-15204,0
67,3,457.35,190.01,31.211,80.337,-1,-12360,-15116,0
67,4,537.44,200.11,30.815,86.603,-1,-12272,-15026,0
67,5,597.77,226.28,28.592,91.869,-1,-12184,-14935,0
67,6,630.29,257.6,34.433,102.4,-1,-12094,-14843,0
67,7,721.18,274.64,36.452,103.27,-1,-12003,-14750,0
68,1,283,203.29,27.679,73.898,-1,-11911,-14656,0
68,2,376.78,177.02,32.84,80.425,-1,-11817,-14560,0
68,3,449.57,189.97,31.117,80.245,-1,-11723,-14464,0
68,4,532.75,198,30.383,85.994,-1,-11627,-14366,0
68,5,593.85,223.98,28.475,91.327,-1,-11530,-14266,0
68,6,628.95,255.02,34.411,101.73,-1,-11432,-14166,0
68,7,718.36,270.87,36.245,102.28,-1,-11332,-14064,0
69,1,277.15,202.22,27.545,73.628,-1,-11231,-13961,0
69,2,370.16,176.49,32.718,80.155,-1,-11128,-13856,0
69,3,441.8,189.92,31.023,80.153,-1,-11024,-13750,0
69,4,527.73,196.05,30.041,85.319,-1,-10919,-13642,0
69,5,590.07,221.83,28.358,90.785,-1,-10812,-13533,0
69,6,627.79,252.52,34.39,101.07,-1,-10704,-13423,0
69,7,715.32,267.12,36.038,101.29,-1,-10594,-13311,0
70,1,271.57,200.94,27.417,73.351,-1,-10482,-13197,0
70,2,363.69,175.88,32.595,79.885,-1,-10369,-13082,0
70,3,434.03,189.88,30.929,80.06,-1,-10254,-12965,0
70,4,522.25,194.31,29.82,84.553,-1,-10138,-12846,0
70,5,586.43,219.84,28.242,90.243,-1,-10019,-12725,0
70,6,626.7,250.05,34.369,100.4,-1,-9899.4,-12603,0
70,7,712,263.39,35.83,100.3,-1,-9777.5,-12479,0
71,1,266.14,199.54,27.293,73.071,-1,-9653.8,-12353,0
71,2,357.37,175.13,32.472,79.615,-1,-9528.1,-12226,0
71,3,426.25,189.84,30.835,79.967,-1,-9400.9,-12096,0
71,4,516.29,192.8,29.721,83.708,-1,-9272.9,-11965,0
71,5,582.9,217.97,28.125,89.701,-1,-9145.8,-11835,0
71,6,625.63,247.59,34.347,99.738,-1,-9022.3,-11707,0
71,7,708.31,259.7,35.623,99.302,-1,-8904.6,-11583,0
72,1,260.77,198.1,27.171,72.789,-1,-8793.1,-11464,0
72,2,351.2,174.19,32.35,79.345,-1,-8685.9,-11347,0
72,3,418.48,189.8,30.741,79.875,-1,-8580.5,-11231,0
72,4,509.92,191.48,29.712,82.832,-1,-8475,-11115,0
72,5,579.42,216.16,28.008,89.16,-1,-8368.6,-10998,0
72,6,624.56,245.13,34.325,99.074,-1,-8260.8,-10880,0
72,7,704.24,256.03,35.417,98.31,-1,-8152.1,-10759,0
73,1,255.44,196.66,27.054,72.503,-1,-8043.5,-10636,0
73,2,345.17,173.05,32.228,79.075,-1,-7937.4,-10510,0
73,3,410.71,189.75,30.647,79.783,-1,-7837.5,-10378,0
73,4,503.17,190.34,29.751,82.011,-1,-7746.6,-10240,0
73,5,575.97,214.38,27.892,88.62,-1,-7665.1,-10095,0
73,6,623.49,242.67,34.303,98.41,-1,-7591,-9944.9,0
73,7,699.89,252.39,35.21,97.317,-1,-7522.9,-9791.3,0
74,1,250.15,195.28,26.947,72.207,-1,-7462.2,-9635.9,0
74,2,339.27,171.77,32.105,78.804,-1,-7413.5,-9480.2,0
74,3,402.98,189.7,30.553,79.69,-1,-7381.2,-9324.9,0
74,4,495.98,189.39,29.808,81.343,-1,-7365.5,-9170.5,0
74,5,572.52,212.61,27.775,88.08,-1,-7362.1,-9016.7,0
74,6,622.42,240.21,34.281,97.745,-1,-7365.5,-8862.8,0
74,7,695.4,248.76,35.002,96.323,-1,-7371.8,-8708.3,0
75,1,244.94,193.98,26.859,71.891,-1,-7379.6,-8552.8,0
75,2,333.48,170.42,31.982,78.532,-1,-7389.4,-8395.8,0
75,3,395.33,189.62,30.459,79.597,-1,-7402.9,-8237,0
75,4,488.28,188.69,29.872,80.899,-1,-7421.6,-8076.1,0
75,5,569.07,210.83,27.658,87.54,-1,-7445.5,-7913.2,0
75,6,621.32,237.76,34.26,97.08,-1,-7473.3,-7748.6,0
75,7,690.84,245.14,34.795,95.33,-1,-7503.3,-7582.7,0
76,1,239.85,192.81,26.797,71.548,-1,-7534.1,-7415.9,0
76,2,327.84,169.08,31.86,78.26,-1,-7565.3,-7248.1,0
76,3,387.82,189.5,30.365,79.505,-1,-7596.5,-7079.5,0
76,4,480.08,188.21,29.935,80.683,-1,-7627.8,-6910,0
76,5,565.61,209.06,27.542,86.999,-1,-7659.2,-6739.6,0
76,6,620.12,235.33,34.24,96.416,-1,-7690.5,-6570,0
76,7,686.28,241.52,34.587,94.338,-1,-7720.9,-6405.4,0
77,1,234.87,191.76,26.762,71.178,-1,-7748.6,-6254.7,0
77,2,322.44,167.78,31.738,77.988,-1,-7771.4,-6130.6,0
77,3,380.52,189.33,30.271,79.413,-1,-7787.4,-6043.5,0
77,4,471.53,187.9,29.998,80.633,-1,0,0,0
77,5,562.07,207.31,27.425,86.457,-1,0,0,0
77,6,618.65,232.96,34.219,95.752,-1,0,0,0
77,7,681.7,237.89,34.38,93.345,-1,0,0,0
78,1,229.97,190.81,26.747,70.789,-1,0,0,0
78,2,317.36,166.57,31.615,77.716,-1,0,0,0
78,3,373.43,189.1,30.177,79.32,-1,0,0,0
78,4,462.78,187.68,30.062,80.673,-1,0,0,0
78,5,558.36,205.59,27.308,85.915,-1,0,0,0
78,6,616.68,230.7,34.197,95.088,-1,0,0,0
78,7,677.13,234.28,34.174,92.358,-1,0,0,0
79,1,225.12,189.9,26.742,70.389,-1,0,0,0
79,2,312.61,165.44,31.492,77.445,-1,0,0,0
79,3,366.48,188.84,30.083,79.227,-1,0,0,0
79,4,453.95,187.5,30.126,80.749,-1,0,0,0
79,5,554.34,203.96,27.192,85.373,-1,0,0,0
79,6,614.05,228.6,34.175,94.424,-1,0,0,0
79,7,672.54,230.72,33.971,91.388,-1,0,0,0
80,1,220.28,189.01,26.741,69.986,-1,0,0,0
80,2,308.08,164.36,31.368,77.175,-1,0,0,0
80,3,359.61,188.54,29.99,79.135,-1,0,0,0
80,4,445.09,187.32,30.19,80.835,-1,0,0,0
80,5,549.87,202.43,27.075,84.831,-1,0,0,0
80,6,610.74,226.64,34.153,93.76,-1,0,0,0
80,7,667.89,227.27,33.779,90.465,-1,0,0,0
81,1,215.45,188.13,26.743,69.582,-1,0,0,0
81,2,303.68,163.32,31.245,76.905,-1,0,0,0
81,3,352.78,188.24,29.897,79.043,-1,0,0,0
81,4,436.24,187.15,30.254,80.921,-1,0,0,0
81,5,544.96,201.01,26.958,84.29,-1,0,0,0
81,6,606.94,224.8,34.131,93.095,-1,0,0,0
81,7,663.16,224.03,33.606,89.625,-1,0,0,0
82,1,210.62,187.25,26.745,69.178,-1,0,0,0
82,2,299.29,162.29,31.122,76.635,-1,0,0,0
82,3,345.95,187.94,29.803,78.95,-1,0,0,0
82,4,427.39,186.98,30.318,81.007,-1,-13655,-15793,0
82,5,539.72,199.67,26.844,83.751,-1,-13645,-15771,0
82,6,602.88,223.02,34.11,92.43,-1,-13632,-15742,0
82,7,658.31,221.08,33.459,88.901,-1,-13614,-15705,0
83,1,205.79,186.37,26.747,68.774,-1,-13586,-15660,0
83,2,294.84,161.26,31,76.365,-1,-13547,-15602,0
83,3,339.13,187.64,29.709,78.857,-1,-13497,-15532,0
83,4,418.57,186.8,30.382,81.09,-1,-13437,-15453,0
83,5,534.26,198.4,26.743,83.216,-1,-13372,-15368,0
83,6,598.71,221.26,34.089,91.765,-1,-13305,-15281,0
83,7,653.35,218.41,33.337,88.293,-1,-13237,-15192,0
84,1,200.96,185.48,26.749,68.37,-1,-13167,-15102,0
84,2,290.22,160.23,30.878,76.094,-1,-13097,-15012,0
84,3,332.31,187.34,29.615,78.763,-1,-13026,-14920,0
84,4,409.85,186.61,30.445,81.163,-1,-12954,-14827,0
84,5,528.61,197.23,26.674,82.692,-1,-12881,-14733,0
84,6,594.51,219.52,34.067,91.1,-1,-12807,-14638,0
84,7,648.29,215.96,33.234,87.769,-1,-12731,-14542,0
85,1,196.13,184.6,26.75,67.965,-1,-12649,-14445,0
85,2,285.4,159.2,30.755,75.822,-1,-12558,-14348,0
85,3,325.48,187.04,29.521,78.67,-1,-12454,-14251,0
85,4,401.41,186.37,30.508,81.21,-1,-12337,-14154,0
85,5,522.73,196.21,26.665,82.186,-1,-12210,-14056,0
85,6,590.31,217.77,34.045,90.436,-1,-12076,-13957,0
85,7,643.19,213.62,33.141,87.29,-1,-11937,-13856,0
86,1,191.3,183.72,26.75,67.56,-1,-11796,-13753,0
86,2,280.37,158.18,30.632,75.55,-1,-11653,-13649,0
86,3,318.66,186.74,29.427,78.578,-1,-11508,-13545,0
86,4,393.47,186.07,30.572,81.208,-1,-11362,-13443,0
86,5,516.54,195.38,26.736,81.707,-1,-11217,-13346,0
86,6,586.11,216.02,34.023,89.772,-1,-11076,-13257,0
86,7,638.06,211.34,33.052,86.83,-1,-10937,-13177,0
87,1,186.47,182.84,26.75,67.155,-1,-10801,-13103,0
87,2,275.18,157.15,30.51,75.278,-1,-10664,-13032,0
87,3,311.83,186.44,29.333,78.485,-1,-10527,-12962,0
87,4,386.22,185.68,30.635,81.139,-1,-10388,-12891,0
87,5,510.06,194.75,26.889,81.255,-1,-10246,-12819,0
87,6,581.91,214.26,34.001,89.108,-1,-10103,-12747,0
87,7,632.9,209.08,32.964,86.375,-1,-9957.7,-12673,0
88,1,181.63,181.96,26.75,66.75,-1,-9810.7,-12597,0
88,2,269.91,156.12,30.388,75.006,-1,-9663.4,-12519,0
88,3,305.02,186.13,29.239,78.39,-1,-9519.2,-12437,0
88,4,379.65,185.18,30.698,81.002,-1,-9382.5,-12348,0
88,5,503.35,194.26,27.1,80.823,-1,-9257,-12250,0
88,6,577.71,212.51,33.98,88.444,-1,-9143.3,-12142,0
88,7,627.68,206.88,32.876,85.92,-1,-9037.9,-12027,0
89,1,176.82,181.07,26.746,66.349,-1,-8936.5,-11908,0
89,2,264.62,155.1,30.265,74.735,-1,-8836,-11786,0
89,3,298.24,185.82,29.145,78.287,-1,-8734.8,-11662,0
89,4,373.58,184.62,30.762,80.817,-1,-8632.3,-11536,0
89,5,496.53,193.85,27.344,80.402,-1,-8528.6,-11409,0
89,6,573.5,210.77,33.96,87.784,-1,-8423.4,-11280,0
89,7,622.35,204.76,32.788,85.465,-1,-8316.8,-11149,0
90,1,172.06,180.19,26.73,65.961,-1,-8209.2,-11017,0
90,2,259.32,154.1,30.142,74.465,-1,-8101.5,-10883,0
90,3,291.57,185.5,29.051,78.164,-1,-7996.1,-10748,0
90,4,367.78,184.01,30.825,80.604,-1,-7896,-10612,0
90,5,489.65,193.48,27.6,79.985,-1,-7804,-10475,0
90,6,569.28,209.02,33.942,87.139,-1,-7720.2,-10338,0
90,7,616.86,202.77,32.7,85.01,-1,-7642.5,-10201,0
91,1,167.44,179.31,26.68,65.606,-1,-7567.7,-10062,0
91,2,254.06,153.17,30.02,74.195,-1,-7493.6,-9922.6,0
91,3,285.08,185.15,28.957,78.004,-1,-7419.2,-9781.5,0
91,4,362.09,183.4,30.888,80.381,-1,-7343.9,-9639,0
91,5,482.74,193.12,27.86,79.57,-1,-7267.8,-9494.9,0
91,6,565,207.3,33.928,86.532,-1,-7190.7,-9349.2,0
91,7,611.21,200.9,32.612,84.555,-1,-7112.7,-9201.9,0
92,1,163.08,178.43,26.571,65.312,-1,-7034.6,-9054.4,0
92,2,248.87,152.34,29.898,73.925,-1,-6958.3,-8910.3,0
92,3,278.83,184.77,28.863,77.793,-1,-6888.1,-8777.8,0
92,4,356.43,182.78,30.952,80.155,-1,-6830.1,-8668.2,0
92,5,475.76,192.78,28.119,79.154,-1,-6789.2,-8591,0
92,6,560.62,205.59,33.922,85.997,-1,0,0,0
92,7,605.45,199.12,32.524,84.1,-1,0,0,0
93,1,159.06,177.55,26.378,65.102,-1,0,0,0
93,2,243.77,151.66,29.775,73.655,-1,0,0,0
93,3,272.84,184.35,28.769,77.531,-1,0,0,0
93,4,350.77,182.15,31.016,79.929,-1,0,0,0
93,5,468.66,192.48,28.377,78.738,-1,0,0,0
93,6,556.1,203.93,33.928,85.558,-1,0,0,0
93,7,599.63,197.4,32.436,83.645,-1,0,0,0
94,1,155.39,176.67,26.102,64.975,-1,0,0,0
94,2,238.75,151.13,29.652,73.384,-1,0,0,0
94,3,267.04,183.91,28.675,77.232,-1,0,0,0
94,4,345.11,181.53,31.08,79.703,-1,0,0,0
94,5,461.4,192.23,28.635,78.322,-1,0,0,0
94,6,551.46,202.3,33.946,85.218,-1,0,0,0
94,7,593.78,195.68,32.348,83.19,-1,0,0,0
95,1,151.98,175.78,25.764,64.909,-1,0,0,0
95,2,233.81,150.71,29.53,73.112,-1,0,0,0
95,3,261.33,183.45,28.581,76.913,-1,0,0,0
95,4,339.46,180.91,31.144,79.477,-1,0,0,0
95,5,453.97,192.04,28.893,77.906,-1,0,0,0
95,6,546.71,200.7,33.973,84.949,-1,0,0,0
95,7,587.93,193.98,32.26,82.735,-1,0,0,0
96,1,148.71,174.9,25.394,64.875,-1,0,0,0
96,2,228.89,150.35,29.408,72.84,-1,0,0,0
96,3,255.66,182.99,28.487,76.585,-1,0,0,0
96,4,333.8,180.29,31.208,79.251,-1,0,0,0
96,5,446.43,191.89,29.151,77.49,-1,0,0,0
96,6,541.91,199.11,34.006,84.719,-1,0,0,0
96,7,582.08,192.28,32.173,82.28,-1,0,0,0
97,1,145.49,174.02,25.01,64.855,-1,0,0,0
97,2,223.99,150.01,29.285,72.568,-1,0,0,0
97,3,250,182.53,28.393,76.255,-1,0,0,0
97,4,328.14,179.67,31.272,79.025,-1,0,0,0
97,5,438.82,191.76,29.41,77.075,-1,-14977,-16183,0
97,6,537.09,197.52,34.04,84.505,-1,-14986,-16145,0
97,7,576.23,190.57,32.085,81.825,-1,-14990,-16091,0
98,1,142.29,173.14,24.623,64.838,-1,-14978,-16020,0
98,2,219.1,149.68,29.162,72.296,-1,-14946,-15929,0
98,3,244.34,182.07,28.299,75.925,-1,-14890,-15819,0
98,4,322.48,179.04,31.335,78.8,-1,-14819,-15702,0
98,5,431.19,191.64,29.67,76.66,-1,-14738,-15588,0
98,6,532.27,195.94,34.075,84.295,-1,-14653,-15489,0
98,7,570.37,188.87,31.997,81.37,-1,-14568,-15409,0
99,1,139.09,172.25,24.237,64.822,-1,-14480,-15345,0
99,2,214.21,149.35,29.04,72.025,-1,-14388,-15296,0
99,3,238.69,181.6,28.205,75.595,-1,-14289,-15260,0
99,4,316.82,178.42,31.398,78.575,-1,-14183,-15236,0
99,5,423.55,191.52,29.93,76.244,-1,-14072,-15219,0
99,6,527.44,194.36,34.11,84.085,-1,-13957,-15206,0
99,7,564.52,187.16,31.91,80.915,-1,-13839,-15194,0
100,1,135.88,171.37,23.85,64.805,-1,-13720,-15183,0
100,2,209.31,149.02,28.918,71.755,-1,-13599,-15172,0
100,3,233.03,181.14,28.111,75.265,-1,-13476,-15161,0
100,4,311.16,177.8,31.462,78.349,-1,-13348,-15150,0
100,5,415.91,191.4,30.19,75.828,-1,-13212,-15140,0
100,6,522.62,192.78,34.145,83.874,-1,-13062,-15132,0
100,7,558.67,185.46,31.822,80.46,-1,-12891,-15125,0
101,1,132.68,170.49,23.463,64.788,-1,-12698,-15121,0
101,2,204.42,148.69,28.795,71.485,-1,-12490,-15118,0
101,3,227.37,180.68,28.017,74.935,-1,-12272,-15113,0
101,4,305.5,177.18,31.525,78.123,-1,-12052,-15101,0
101,5,408.27,191.28,30.45,75.412,-1,-11838,-15073,0
101,6,517.79,191.2,34.18,83.662,-1,-11633,-15026,0
101,7,552.81,183.75,31.734,80.005,-1,-11440,-14957,0
102,1,129.48,169.61,23.077,64.772,-1,-11254,-14871,0
102,2,199.52,148.36,28.672,71.215,-1,-11070,-14776,0
102,3,221.71,180.21,27.923,74.605,-1,-10885,-14674,0
102,4,299.84,176.55,31.588,77.897,-1,-10699,-14568,0
102,5,400.63,191.16,30.71,74.996,-1,-10512,-14456,0
102,6,512.96,189.62,34.215,83.45,-1,-10325,-14336,0
102,7,546.96,182.05,31.646,79.55,-1,-10138,-14208,0
103,1,126.31,168.74,22.694,64.755,-1,-9950.8,-14073,0
103,2,194.68,148.03,28.551,70.948,-1,-9760.7,-13934,0
103,3,216.11,179.75,27.83,74.278,-1,-9567.1,-13791,0
103,4,294.24,175.94,31.651,77.673,-1,-9369.4,-13644,0
103,5,393.06,191.04,30.968,74.584,-1,-9167.2,-13494,0
103,6,508.19,188.05,34.25,83.24,-1,-8961.4,-13341,0
103,7,541.17,180.36,31.559,79.099,-1,-8754.4,-13186,0
104,1,123.25,167.89,22.324,64.738,-1,-8551.9,-13029,0
104,2,190,147.71,28.434,70.689,-1,-8362.1,-12873,0
104,3,210.7,179.31,27.74,73.963,-1,-8192.2,-12720,0
104,4,288.83,175.34,31.713,77.457,-1,-8043.4,-12570,0
104,5,385.76,190.93,31.216,74.186,-1,-7910,-12422,0
104,6,503.57,186.54,34.284,83.037,-1,-7784.4,-12275,0
104,7,535.57,178.73,31.475,78.664,-1,-7661.2,-12126,0
105,1,120.45,167.12,21.987,64.722,-1,-7538.6,-11976,0
105,2,185.73,147.42,28.327,70.454,-1,-7417.7,-11823,0
105,3,205.76,178.9,27.658,73.675,-1,-7301.7,-11669,0
105,4,283.9,174.8,31.769,77.26,-1,-7193.2,-11512,0
105,5,379.1,190.82,31.443,73.823,-1,-7092.3,-11353,0
105,6,499.37,185.16,34.316,82.854,-1,-6996.9,-11192,0
105,7,530.47,177.24,31.398,78.267,-1,-6903.8,-11030,0
106,1,118.17,166.49,21.712,64.709,-1,-6811,-10865,0
106,2,182.23,147.19,28.239,70.261,-1,-6717.4,-10698,0
106,3,201.72,178.57,27.59,73.439,-1,-6622.5,-10529,0
106,4,279.85,174.35,31.816,77.099,-1,-6526.4,-10358,0
106,5,373.64,190.74,31.628,73.525,-1,-6428.9,-10185,0
106,6,495.92,184.03,34.343,82.703,-1,-6330.1,-10009,0
106,7,526.28,176.03,31.336,77.942,-1,-6229.9,-9831,0
107,1,116.57,166.05,21.519,64.699,-1,-6128.4,-9650.6,0
107,2,179.79,147.02,28.177,70.126,-1,-6025.4,-9467.7,0
107,3,198.89,178.34,27.543,73.274,-1,-5921.9,-9284.1,0
107,4,277.02,174.04,31.849,76.986,-1,-5820.7,-9104.4,0
107,5,369.82,190.68,31.759,73.316,-1,-5727.2,-8938.5,0
107,6,493.51,183.24,34.362,82.598,-1,-5649.8,-8801.1,0
107,7,523.36,175.17,31.292,77.713,-1,-5595.1,-8704.1,0
